-0.000235
-0.000228
-0.000229
-0.000209
-0.000179
-0.000104
-0.000045
0.000004
0.000008
-0.000019
-0.000061
-0.000089
-0.000141
-0.000207
-0.000281
-0.000382
-0.000658
-0.001057
-0.001557
-0.002065
-0.002478
-0.002619
-0.002465
-0.001967
-0.001447
-0.000994
-0.000361
0.000313
0.000752
0.001050
0.001232
0.001369
0.001449
0.001293
0.000841
0.000401
-0.000073
-0.000619
-0.000868
-0.000327
0.000515
0.001361
0.002000
0.001692
0.000911
0.000011
-0.000873
-0.001956
-0.002019
-0.000070
0.002717
0.005414
0.007414
0.008247
0.006985
0.004647
0.002734
0.001367
-0.000503
-0.002075
-0.003359
-0.004169
-0.005420
-0.006756
-0.008164
-0.009287
-0.008849
-0.006555
-0.004603
-0.003644
-0.005470
-0.008187
-0.009940
-0.012184
-0.013586
-0.011454
-0.006170
0.001647
0.008311
0.012023
0.010763
0.009286
0.007149
0.004339
0.001538
-0.001750
-0.005352
-0.009132
-0.012537
-0.012081
-0.006650
0.006296
0.018525
0.034716
0.041713
0.038920
0.029773
0.012681
-0.004157
-0.021183
-0.036037
-0.035692
-0.028619
-0.022556
-0.017305
-0.017576
-0.026920
-0.029333
-0.029649
-0.024852
-0.009408
0.005010
0.018683
0.031024
0.034074
0.030890
0.027624
0.028040
0.033008
0.042765
0.051063
0.054472
0.049277
0.033992
0.020348
0.015149
0.018682
0.032196
0.055475
0.073514
0.080637
0.077512
0.066023
0.047244
0.021656
-0.003933
-0.023264
-0.038191
-0.040699
-0.046549
-0.057058
-0.065896
-0.074036
-0.080378
-0.077638
-0.069886
-0.059521
-0.048271
-0.037715
-0.027513
-0.016734
-0.000505
0.016975
0.036155
0.055001
0.069098
0.070077
0.062603
0.043647
0.018665
-0.012493
-0.051678
-0.081146
-0.097137
-0.102731
-0.086540
-0.065555
-0.052548
-0.043005
-0.039549
-0.032220
-0.022285
-0.010278
0.008056
0.026100
0.037728
0.030261
0.017065
0.009491
0.004410
0.000481
-0.005280
-0.011047
-0.017190
-0.023690
-0.024881
-0.010439
0.022003
0.057693
0.086845
0.113720
0.122265
0.107508
0.088031
0.048833
-0.016240
-0.066873
-0.068218
-0.060970
-0.046794
-0.024543
-0.003948
0.020461
0.036397
0.040975
0.045610
0.050432
0.043760
0.021284
-0.000914
-0.024347
-0.037263
-0.027674
-0.012758
-0.000289
0.009258
0.009282
-0.003445
-0.025143
-0.040174
-0.050928
-0.047322
-0.032111
-0.000495
0.030847
0.054690
0.069311
0.067126
0.058428
0.041456
0.014463
-0.015490
-0.040688
-0.069606
-0.102811
-0.132310
-0.136475
-0.108963
-0.053067
0.016328
0.060067
0.097105
0.125189
0.121721
0.116183
0.105624
0.075866
0.031198
-0.007582
-0.037451
-0.062164
-0.062512
-0.055615
-0.061556
-0.069419
-0.089220
-0.114706
-0.125038
-0.122128
-0.103332
-0.050791
0.007236
0.061901
0.073380
0.076439
0.070627
0.032761
-0.020641
-0.039144
-0.029712
0.003572
0.048791
0.063819
0.045250
0.029878
0.015507
0.014844
0.027639
0.040249
0.049796
0.052638
0.010591
-0.071108
-0.077137
0.023537
0.068989
0.031253
-0.055011
-0.122793
-0.087889
-0.052172
-0.021461
0.013562
0.031980
0.060960
0.068102
0.042864
0.024166
0.016939
0.012029
0.015107
0.012888
0.008230
0.006098
0.004103
0.003462
0.004547
0.008227
0.011635
0.014920
0.019329
0.013848
-0.016439
-0.061409
-0.095340
-0.112136
-0.108942
-0.090098
-0.047172
0.000681
0.034131
0.057231
0.075535
0.071999
0.048088
0.001531
-0.037238
-0.050216
-0.040531
-0.026007
-0.011902
-0.000262
0.012048
0.015503
0.013535
0.013768
0.014896
0.016241
0.021484
0.026729
0.025123
0.009072
-0.022417
-0.041688
-0.041463
-0.040797
-0.028031
0.007911
0.045821
0.070743
0.079675
0.075149
0.053773
0.018120
-0.004942
-0.017812
-0.011408
-0.002847
-0.004577
-0.010829
-0.038723
-0.080818
-0.099614
-0.099955
-0.094243
-0.082666
-0.050744
-0.001333
0.035884
0.058524
0.063128
0.063225
0.056044
0.047682
0.041842
0.043390
0.049507
0.050104
0.037778
0.005339
-0.022236
-0.046943
-0.070178
-0.065127
-0.048546
-0.034312
-0.023811
-0.021872
-0.022428
-0.015276
-0.009003
-0.005019
0.000033
0.006844
0.015439
0.025714
0.035192
0.037159
0.028623
0.014051
0.004173
-0.004946
-0.012414
-0.012955
-0.018414
-0.024432
-0.028895
-0.032571
-0.035082
-0.034405
-0.026812
0.001558
0.057895
0.087342
0.094807
0.096303
0.092244
0.067198
0.013928
-0.028012
-0.065537
-0.078477
-0.084373
-0.077914
-0.045920
0.000794
0.036782
0.069975
0.079090
0.085659
0.084972
0.060811
0.016344
-0.012567
-0.037930
-0.071895
-0.090364
-0.085245
-0.081451
-0.082822
-0.079536
-0.073782
-0.066594
-0.050368
-0.016456
0.015744
0.041170
0.057114
0.054644
0.043635
0.031328
0.029897
0.033058
0.042467
0.057842
0.071199
0.086038
0.097012
0.096709
0.086343
0.074164
0.065496
0.055305
0.043479
0.028316
0.006770
-0.011942
-0.026626
-0.034356
-0.031594
-0.032021
-0.036042
-0.037419
-0.037029
-0.037386
-0.038971
-0.036423
-0.021257
0.001226
0.019503
0.036742
0.052559
0.057591
0.057394
0.043903
0.021440
0.005531
-0.010504
-0.019857
-0.012948
-0.007461
-0.008417
-0.006665
-0.005082
-0.008952
-0.013203
-0.023923
-0.042934
-0.059732
-0.073815
-0.090897
-0.109708
-0.119706
-0.108657
-0.083702
-0.037540
0.013272
0.058069
0.078022
0.100106
0.103480
0.092467
0.077430
0.066657
0.069071
0.073540
0.082641
0.089729
0.097407
0.106521
0.102620
0.071824
0.032025
0.006758
-0.001057
-0.000278
0.011228
0.039385
0.054699
0.056968
0.042703
0.006639
-0.032458
-0.078909
-0.109752
-0.113029
-0.111682
-0.106411
-0.099898
-0.091701
-0.079275
-0.065796
-0.053231
-0.041055
-0.026656
-0.009023
0.003651
0.001766
-0.007338
-0.011421
-0.013799
-0.010616
0.007820
0.032841
0.048744
0.058080
0.054243
0.042973
0.018959
-0.005205
-0.030024
-0.058914
-0.081749
-0.091973
-0.092507
-0.085027
-0.058185
-0.022198
-0.004744
-0.001321
0.002694
-0.000159
-0.004945
-0.008173
-0.011782
-0.006635
0.013954
0.035869
0.050939
0.048928
0.040153
0.024861
0.014168
0.003288
-0.012832
-0.025381
-0.026868
-0.025403
-0.025151
-0.022351
-0.018407
-0.014162
-0.008487
0.004792
0.030808
0.054022
0.070590
0.075216
0.073195
0.048961
0.014581
0.000009
0.004558
0.013982
0.038150
0.072305
0.086429
0.085357
0.075764
0.056315
0.019734
-0.019773
-0.066576
-0.115332
-0.147508
-0.166095
-0.168114
-0.159611
-0.141055
-0.125149
-0.102666
-0.073959
-0.033890
0.001089
0.025453
0.050314
0.061792
0.057944
0.047823
0.027543
0.011742
0.009650
0.019040
0.040078
0.077137
0.103339
0.117065
0.109350
0.089040
0.048791
0.012952
-0.019177
-0.046542
-0.054572
-0.046482
-0.032476
-0.018115
-0.012140
-0.015750
-0.021664
-0.025502
-0.032176
-0.040437
-0.041911
-0.028966
-0.016675
-0.012281
-0.010373
-0.011986
-0.016233
-0.025831
-0.033418
-0.034184
-0.026173
-0.011023
0.002638
0.009983
0.011394
0.013661
0.009840
0.003264
-0.000034
-0.003713
-0.006263
-0.008916
-0.011484
-0.016806
-0.022742
-0.027297
-0.032717
-0.039441
-0.043959
-0.046888
-0.041309
-0.025853
-0.006293
0.010718
0.038415
0.062495
0.076675
0.080302
0.081627
0.074257
0.055290
0.029420
0.017568
0.007969
0.001310
-0.002448
-0.008644
-0.013116
-0.017574
-0.024554
-0.030858
-0.028051
-0.020227
-0.013418
-0.004343
0.003719
0.012120
0.021602
0.030979
0.039997
0.048804
0.059599
0.071953
0.076448
0.070132
0.054444
0.035275
0.019507
0.002798
-0.013713
-0.031259
-0.044439
-0.048904
-0.055333
-0.057178
-0.056918
-0.053543
-0.037016
-0.013409
-0.000488
0.010111
0.020147
0.019653
0.018316
0.019133
0.018809
0.017415
0.017866
0.018490
0.008387
-0.017036
-0.037458
-0.052741
-0.060929
-0.067810
-0.063682
-0.045946
-0.024532
-0.008715
0.003404
0.016008
0.017963
0.012923
0.002230
-0.005035
-0.010867
-0.016342
-0.018328
-0.019902
-0.018345
-0.014125
-0.008772
0.002570
0.016626
0.039621
0.062538
0.075426
0.078286
0.075807
0.067641
0.058054
0.051367
0.044476
0.037763
0.029547
0.021898
0.014682
0.004867
-0.007633
-0.017399
-0.026735
-0.035822
-0.043038
-0.048255
-0.050347
-0.052360
-0.047861
-0.037257
-0.027738
-0.019954
-0.006880
0.007737
0.007242
-0.001358
-0.004335
-0.005820
-0.001584
0.009815
0.015277
0.022747
0.028209
0.024801
0.020139
0.014237
0.008950
0.003633
-0.002559
-0.008652
-0.014028
-0.018680
-0.020764
-0.017092
-0.009482
0.003391
0.012522
0.022979
0.029845
0.020235
0.006307
-0.002347
-0.012198
-0.027998
-0.037926
-0.035850
-0.031329
-0.027801
-0.021779
-0.016217
-0.010161
-0.003369
0.003295
0.009945
0.016796
0.023709
0.028500
0.029720
0.029901
0.030412
0.031407
0.031950
0.032094
0.032375
0.032278
0.032022
0.033815
0.039431
0.041718
0.041970
0.039418
0.032168
0.015240
-0.000872
-0.018083
-0.035320
-0.047082
-0.058590
-0.059721
-0.048379
-0.039850
-0.030493
-0.018281
-0.006877
0.004164
0.014180
0.022222
0.028050
0.029789
0.030149
0.024280
0.017664
0.007821
-0.003456
-0.009667
-0.012336
-0.013138
-0.012799
-0.011207
-0.011980
-0.015303
-0.020174
-0.026220
-0.033907
-0.039391
-0.042392
-0.041987
-0.042368
-0.041382
-0.040693
-0.039959
-0.039546
-0.039167
-0.033058
-0.019085
-0.011413
-0.004459
0.005732
0.014275
0.014020
0.004545
-0.000949
-0.004669
-0.012979
-0.021025
-0.024261
-0.026804
-0.023808
-0.016658
-0.008279
0.000775
0.006974
0.007916
0.004435
0.000573
-0.007273
-0.015475
-0.021071
-0.023009
-0.024583
-0.022846
-0.016413
-0.007701
0.008376
0.019666
0.031488
0.046915
0.057617
0.057573
0.050742
0.039059
0.031132
0.021758
0.009485
0.006208
0.009560
0.013082
0.021400
0.030294
0.042921
0.053684
0.062226
0.070496
0.081384
0.087735
0.081021
0.074196
0.072597
0.069442
0.066070
0.066755
0.066007
0.064279
0.063361
0.063210
0.061872
0.056463
0.047118
0.041487
0.035464
0.027616
0.021171
0.018595
0.017406
0.020588
0.020812
0.020480
0.020991
0.020939
0.019330
0.017038
0.014051
0.011663
0.009277
0.006532
0.003848
0.000908
-0.002184
-0.003899
-0.002635
-0.002674
-0.003281
-0.002451
-0.001806
-0.003943
-0.009256
-0.017720
-0.022944
-0.029399
-0.038809
-0.043592
-0.043676
-0.039889
-0.035470
-0.025692
-0.019006
-0.013139
-0.007611
-0.005523
-0.007386
-0.009824
-0.017154
-0.024615
-0.031708
-0.035632
-0.036515
-0.028172
-0.015684
-0.006712
0.001853
0.003804
-0.000176
-0.003385
-0.003947
-0.004659
-0.003730
-0.004029
-0.004530
-0.004070
-0.005123
-0.010228
-0.013820
-0.016337
-0.019617
-0.023299
-0.026931
-0.030491
-0.033974
-0.037393
-0.040777
-0.044046
-0.047192
-0.051269
-0.056037
-0.055985
-0.047110
-0.044584
-0.042364
-0.036616
-0.034922
-0.041720
-0.043253
-0.043238
-0.043552
-0.040052
-0.035788
-0.027881
-0.022973
-0.019439
-0.016509
-0.013445
-0.009646
-0.006245
-0.003258
-0.000336
0.003118
0.007072
0.008151
0.002610
-0.002087
-0.007957
-0.014020
-0.018490
-0.021281
-0.023745
-0.024433
-0.023066
-0.021125
-0.015756
-0.010727
-0.004661
0.002368
0.009009
0.014058
0.018545
0.020351
0.022033
0.023143
0.024660
0.026083
0.026982
0.027394
0.026944
0.025733
0.021799
0.013270
0.008033
0.003267
-0.002892
-0.009141
-0.015356
-0.021594
-0.027593
-0.031407
-0.031992
-0.027686
-0.019789
-0.014042
-0.009032
-0.003380
0.001443
0.004603
0.007617
0.011432
0.014881
0.018112
0.021479
0.024384
0.025091
0.023559
0.018073
0.013656
0.008656
0.003538
-0.001746
-0.007117
-0.011761
-0.015825
-0.016944
-0.014168
-0.007247
-0.004495
-0.000248
0.008702
0.013594
0.010415
0.003828
-0.003084
-0.010863
-0.018913
-0.025958
-0.024663
-0.014159
-0.005030
0.001361
0.011502
0.019759
0.023900
0.026855
0.027563
0.027514
0.025520
0.020638
0.017599
0.014641
0.010859
0.006968
0.003241
-0.000339
-0.004456
-0.009670
-0.014459
-0.018905
-0.023574
-0.028502
-0.033413
-0.036991
-0.038174
-0.037995
-0.036765
-0.036363
-0.034444
-0.031095
-0.025273
-0.017443
-0.011717
-0.005802
0.001044
0.007305
0.011801
0.015889
0.018276
0.021272
0.024834
0.027494
0.029543
0.030358
0.028748
0.022553
0.018360
0.014740
0.008838
0.004383
0.004846
0.004971
0.005429
0.005409
0.005487
0.006252
0.007732
0.009899
0.011123
0.013339
0.017192
0.018126
0.014369
0.008869
0.001373
-0.003405
-0.005488
-0.005786
-0.004703
-0.003386
-0.002885
-0.002344
-0.000929
0.003023
0.008004
0.011301
0.014644
0.018757
0.023199
0.026407
0.026155
0.024723
0.022159
0.020188
0.018395
0.015986
0.013431
0.010938
0.008592
0.005972
0.002699
-0.000308
-0.001690
-0.001453
0.001215
0.002764
0.002429
-0.001066
-0.002827
-0.003863
-0.006819
-0.009554
-0.009407
-0.008905
-0.008087
-0.007783
-0.007664
-0.007223
-0.005251
-0.000267
0.002542
0.005074
0.008406
0.011379
0.012941
0.014272
0.014981
0.015308
0.014788
0.013824
0.012986
0.011102
0.006687
0.003807
0.001275
-0.001933
-0.005237
-0.007868
-0.008616
-0.006393
-0.003152
0.001908
0.006957
0.011249
0.014382
0.016584
0.016130
0.014975
0.011624
0.006501
0.002322
-0.001891
-0.006667
-0.010727
-0.012786
-0.015569
-0.017723
-0.019368
-0.020807
-0.022032
-0.022992
-0.021600
-0.017100
-0.012796
-0.009777
-0.005982
-0.002277
-0.001087
-0.001125
0.000480
0.002026
0.002909
0.003705
0.004739
0.006005
0.006272
0.004306
0.002991
0.002695
0.003586
0.005012
0.005330
0.005780
0.006757
0.007735
0.007331
0.004487
0.002662
0.001484
-0.000316
-0.002115
-0.003215
-0.003753
-0.003458
-0.003019
-0.002476
-0.002189
-0.000908
0.002359
0.004328
0.006136
0.008330
0.009809
0.009641
0.009795
0.008496
0.005828
0.003232
0.001101
-0.001300
-0.003832
-0.005826
-0.007315
-0.007805
-0.007953
-0.007045
-0.006790
-0.006615
-0.006106
-0.005634
-0.004992
-0.004214
-0.004350
-0.006879
-0.009129
-0.010941
-0.011239
-0.010208
-0.006826
-0.004519
-0.002649
0.000237
0.002569
0.002912
0.003894
0.005460
0.006638
0.007684
0.008704
0.009700
0.010720
0.012469
0.015055
0.017179
0.018904
0.019707
0.019619
0.018144
0.016473
0.013096
0.007727
0.003241
-0.000897
-0.005490
-0.010422
-0.015249
-0.019010
-0.020596
-0.019667
-0.020037
-0.020939
-0.020914
-0.021290
-0.023437
-0.025666
-0.027066
-0.028714
-0.030588
-0.032535
-0.034476
-0.036287
-0.037168
-0.036847
-0.034840
-0.031814
-0.027639
-0.024494
-0.021227
-0.017457
-0.013679
-0.009940
-0.006138
-0.002463
0.000343
0.002006
0.002549
0.003079
0.004170
0.004986
0.005565
0.006122
0.006725
0.007347
0.008104
0.008863
0.009473
0.010593
0.012844
0.014526
0.016213
0.019043
0.021755
0.022312
0.022128
0.019030
0.015781
0.011892
0.008421
0.004833
0.000845
-0.003076
-0.007188
-0.011284
-0.014002
-0.013868
-0.012422
-0.011208
-0.010614
-0.009366
-0.008148
-0.008704
-0.010071
-0.010301
-0.010626
-0.011404
-0.011608
-0.010154
-0.006479
-0.003858
-0.001765
0.000881
0.003696
0.006522
0.009596
0.012460
0.013076
0.011354
0.011689
0.012078
0.011799
0.012548
0.014420
0.015327
0.016686
0.018899
0.018740
0.016153
0.015626
0.015386
0.014365
0.013244
0.012184
0.011254
0.010238
0.009041
0.007978
0.008354
0.010091
0.010504
0.011232
0.013081
0.013487
0.011745
0.009504
0.006538
0.004348
0.002964
0.002091
0.000397
-0.001310
-0.002485
-0.003578
-0.004060
-0.003486
-0.001740
0.001867
0.004739
0.007139
0.010151
0.013166
0.015659
0.017607
0.019063
0.020848
0.022081
0.021743
0.019768
0.014778
0.011090
0.007966
0.003998
0.000725
0.000128
0.000605
0.002139
0.003102
0.004049
0.005598
0.006340
0.005087
0.004597
0.004528
0.003917
0.003924
0.005656
0.006760
0.007386
0.008429
0.009505
0.009892
0.009185
0.006920
0.005885
0.005008
0.003584
0.002130
0.000688
-0.000694
-0.002089
-0.003370
-0.004668
-0.005977
-0.007317
-0.008662
-0.009941
-0.011021
-0.012547
-0.015724
-0.019508
-0.021898
-0.024259
-0.026224
-0.027499
-0.027710
-0.027157
-0.026232
-0.023769
-0.022134
-0.020627
-0.018701
-0.016773
-0.014800
-0.012795
-0.011001
-0.010118
-0.009487
-0.008403
-0.008285
-0.009332
-0.009501
-0.010057
-0.011068
-0.009760
-0.005990
-0.004362
-0.002885
-0.000520
0.001412
0.001879
0.002012
0.001153
0.000969
0.000822
0.000438
0.000254
-0.000942
-0.004611
-0.008136
-0.010627
-0.014385
-0.018940
-0.021357
-0.022335
-0.021545
-0.021442
-0.021027
-0.020009
-0.017808
-0.013478
-0.010650
-0.008028
-0.004917
-0.001499
0.002026
0.004109
0.002478
0.000552
-0.002647
-0.005968
-0.008200
-0.008738
-0.007770
-0.005856
-0.005308
-0.003953
-0.001138
-0.000374
-0.001588
-0.003974
-0.005371
-0.006608
-0.008473
-0.009769
-0.009236
-0.008365
-0.006245
-0.005104
-0.003549
-0.000291
0.002812
0.006207
0.008957
0.010027
0.009124
0.008390
0.008467
0.007919
0.007582
0.009241
0.010894
0.011803
0.013090
0.014052
0.013273
0.012486
0.012460
0.012218
0.011664
0.011124
0.010754
0.010317
0.008910
0.006519
0.004971
0.003528
0.001811
0.000091
-0.001932
-0.004115
-0.004512
-0.001545
-0.000908
-0.000720
0.000328
0.001468
0.002703
0.004053
0.004597
0.002830
0.001118
0.000412
-0.000584
-0.001944
-0.003335
-0.004696
-0.005982
-0.006957
-0.007719
-0.008680
-0.008445
-0.005927
-0.004944
-0.004249
-0.002946
-0.001551
-0.000198
0.001042
0.002373
0.004072
0.006109
0.007990
0.008971
0.008350
0.008907
0.009693
0.010024
0.010319
0.010557
0.010787
0.011348
0.012724
0.013380
0.012358
0.010320
0.006597
0.001753
-0.001974
-0.003946
-0.003702
-0.001737
0.003450
0.008212
0.014338
0.017736
0.018562
0.015725
0.014629
0.014565
0.013207
0.012026
0.011798
0.011289
0.011192
0.010954
0.008463
0.006079
0.004559
0.002890
0.000871
-0.001174
-0.003340
-0.005120
-0.005768
-0.005957
-0.006895
-0.006878
-0.005703
-0.005258
-0.004967
-0.004353
-0.003739
-0.003088
-0.002464
-0.001898
-0.001731
-0.001515
-0.000834
0.000992
0.002699
0.003940
0.005403
0.007099
0.008008
0.007678
0.007307
0.006281
0.003507
-0.000038
-0.004656
-0.007739
-0.009377
-0.008571
-0.008772
-0.008444
-0.009021
-0.009895
-0.010761
-0.011511
-0.011908
-0.011012
-0.009130
-0.006120
-0.004317
-0.003723
-0.004499
-0.005842
-0.007319
-0.007862
-0.007863
-0.007429
-0.006687
-0.005899
-0.005423
-0.005269
-0.005356
-0.005037
-0.003887
-0.003724
-0.003934
-0.003762
-0.003442
-0.003471
-0.004406
-0.005848
-0.006717
-0.006925
-0.006443
-0.006029
-0.005049
-0.003744
-0.003116
-0.003219
-0.003479
-0.004697
-0.006955
-0.008623
-0.009858
-0.011027
-0.011841
-0.011801
-0.012043
-0.011870
-0.011419
-0.010901
-0.010129
-0.009050
-0.007478
-0.005325
-0.002589
0.000889
0.003566
0.005552
0.007174
0.008852
0.010594
0.011678
0.012101
0.012942
0.012965
0.010842
0.009049
0.006946
0.004489
0.001790
-0.000552
-0.001183
0.000072
0.002495
0.004092
0.005442
0.006773
0.007547
0.007444
0.006954
0.005519
0.003906
0.002213
0.001202
0.000018
-0.001136
-0.001508
-0.001007
0.000714
0.001345
0.001443
0.001346
0.001960
0.003939
0.004558
0.004287
0.003604
0.003321
0.003486
0.002565
0.002395
0.005169
0.007129
0.008652
0.010400
0.011691
0.011476
0.010222
0.005933
0.002732
-0.000433
-0.003091
-0.003724
-0.001559
0.000108
0.001885
0.004430
0.006141
0.006502
0.005898
0.005059
0.003828
0.002890
0.002240
0.002394
0.002382
0.002251
0.003247
0.004696
0.005149
0.005789
0.006464
0.005788
0.004549
0.004383
0.003732
0.001932
0.000489
-0.000598
-0.000406
0.001763
0.005186
0.007041
0.009136
0.012118
0.013913
0.013176
0.013404
0.014214
0.013811
0.012966
0.012038
0.009810
0.006112
0.004393
0.003183
0.002669
0.003003
0.004621
0.005325
0.006013
0.006943
0.007336
0.006623
0.005613
0.004776
0.004349
0.003872
0.003567
0.003364
0.002924
0.001838
0.000815
-0.000357
-0.001605
-0.002586
-0.002936
-0.003584
-0.004309
-0.005317
-0.006416
-0.007578
-0.008539
-0.008894
-0.008169
-0.006645
-0.003722
-0.001018
0.001574
0.001902
0.001666
0.001192
0.000542
0.000003
0.000601
0.001824
0.003740
0.005217
0.006192
0.006932
0.006758
0.005666
0.004736
0.003752
0.002759
0.001787
0.000724
-0.000637
-0.002586
-0.004502
-0.006021
-0.006616
-0.007164
-0.006477
-0.005013
-0.003375
-0.001725
-0.000463
0.000179
0.000543
0.001228
0.002732
0.003960
0.004982
0.005817
0.006124
0.005438
0.004356
0.002424
0.000577
-0.001112
-0.002295
-0.002920
-0.002465
-0.001796
-0.001151
-0.000457
0.000351
0.001130
0.001336
0.000911
-0.000060
-0.001297
-0.003631
-0.005385
-0.007246
-0.009447
-0.010758
-0.010890
-0.011026
-0.010276
-0.008537
-0.007140
-0.005893
-0.004867
-0.004002
-0.003043
-0.002074
-0.001117
-0.000394
-0.000125
-0.000172
-0.000538
-0.001664
-0.002967
-0.004109
-0.004162
-0.004130
-0.004508
-0.005246
-0.006723
-0.008564
-0.010562
-0.011487
-0.012067
-0.011749
-0.010481
-0.008351
-0.006876
-0.006009
-0.005890
-0.004760
-0.003517
-0.003032
-0.001835
0.000821
0.002420
0.003419
0.004247
0.003959
0.002519
0.001675
0.001235
0.000696
0.000641
0.001097
0.000762
-0.001178
-0.002793
-0.004265
-0.005036
-0.005715
-0.005554
-0.005094
-0.003911
-0.002176
-0.000908
-0.000673
0.000275
0.001489
0.002409
0.003212
0.003975
0.004772
0.005411
0.005392
0.003972
0.002805
0.000992
-0.000444
-0.001229
-0.001054
-0.001524
-0.002099
-0.002849
-0.003888
-0.005245
-0.006175
-0.006384
-0.006431
-0.006393
-0.006233
-0.006015
-0.005550
-0.004644
-0.003856
-0.003885
-0.003560
-0.002657
-0.001940
-0.001241
-0.000519
0.000431
0.001774
0.003169
0.004838
0.006114
0.006396
0.005133
0.005081
0.005753
0.004541
0.002254
-0.000029
-0.001807
-0.003488
-0.005101
-0.006097
-0.006009
-0.005519
-0.003406
-0.001962
-0.000479
0.001143
0.002300
0.002482
0.002253
0.000687
-0.000248
-0.001432
-0.003381
-0.004738
-0.004465
-0.004119
-0.003136
-0.001333
0.000502
0.001984
0.003240
0.003705
0.002897
0.000690
-0.001705
-0.003169
-0.004085
-0.005341
-0.006356
-0.007001
-0.007648
-0.008151
-0.008534
-0.008369
-0.007460
-0.006688
-0.005842
-0.005125
-0.004336
-0.002988
-0.001236
0.001274
0.003448
0.005415
0.007276
0.008545
0.008811
0.008915
0.007863
0.006851
0.005247
0.002822
0.000666
-0.000170
-0.000273
0.000372
0.001322
0.002525
0.003812
0.004590
0.005040
0.005901
0.006237
0.005374
0.005380
0.006116
0.006147
0.006017
0.006146
0.006235
0.006433
0.007189
0.008286
0.009091
0.009624
0.009416
0.008684
0.006430
0.004222
0.002659
0.001842
-0.000154
-0.002561
-0.003512
-0.003723
-0.003266
-0.003804
-0.004281
-0.003769
-0.003307
-0.003334
-0.003183
-0.002537
-0.001399
-0.000271
0.000126
0.001084
0.002784
0.003569
0.004312
0.005926
0.006938
0.006346
0.005965
0.004425
0.002060
0.000241
-0.000304
-0.001362
-0.002403
-0.003393
-0.004249
-0.004789
-0.005475
-0.005799
-0.005552
-0.005276
-0.005350
-0.005528
-0.005683
-0.005174
-0.004360
-0.003592
-0.002573
-0.000901
0.000260
0.001759
0.004035
0.004724
0.002320
0.002139
0.002538
0.002086
0.001532
0.001169
0.001283
0.001951
0.002565
0.003121
0.003742
0.004345
0.004940
0.005444
0.005723
0.005602
0.005510
0.005227
0.005172
0.005161
0.005142
0.005482
0.006894
0.008390
0.010550
0.013450
0.015937
0.016973
0.017671
0.016854
0.015527
0.013287
0.010533
0.007143
0.003559
0.002287
0.000560
-0.002960
-0.005564
-0.006707
-0.007241
-0.007343
-0.006039
-0.003976
-0.001087
0.000709
0.002240
0.004071
0.005272
0.004914
0.005204
0.005708
0.005973
0.005608
0.003835
0.002336
0.000229
-0.002771
-0.005808
-0.008238
-0.010292
-0.011388
-0.012430
-0.012562
-0.012909
-0.013078
-0.012688
-0.012551
-0.012487
-0.012229
-0.011407
-0.009323
-0.007298
-0.005254
-0.003666
-0.002388
-0.001315
-0.000624
-0.000918
-0.000503
0.000157
0.000486
0.000357
-0.000752
-0.001599
-0.002478
-0.002554
-0.002564
-0.002568
-0.002059
-0.001185
-0.001112
-0.000882
-0.000036
0.000028
-0.001278
-0.003128
-0.004645
-0.004109
-0.004193
-0.004959
-0.005532
-0.005754
-0.005285
-0.004832
-0.003913
-0.003147
-0.002026
-0.000442
0.000602
0.000500
0.001240
0.001908
0.001673
0.001564
0.001924
0.001697
0.001340
0.002334
0.003106
0.001565
0.000445
-0.000427
-0.001069
-0.000976
0.000435
0.001773
0.003738
0.005305
0.006652
0.007587
0.007556
0.006113
0.005679
0.005098
0.003806
0.003023
0.003321
0.003136
0.002871
0.002636
0.002198
0.001486
0.000880
0.000381
-0.000290
-0.000771
-0.000893
-0.001147
-0.001327
-0.000689
0.000636
0.002310
0.004081
0.006346
0.007650
0.008625
0.009940
0.010492
0.009233
0.008052
0.006051
0.004719
0.003705
0.002978
0.002326
0.001966
0.001108
0.000388
0.000308
-0.000059
-0.000317
0.000367
0.001633
0.002312
0.002508
0.002277
0.002389
0.002674
0.003523
0.004669
0.006570
0.007519
0.008060
0.008548
0.008298
0.006752
0.005761
0.004568
0.003351
0.002394
0.001755
0.000915
0.000228
-0.000061
-0.000350
-0.000647
-0.000890
-0.000928
-0.000906
-0.000943
-0.001332
-0.001971
-0.002919
-0.003557
-0.004389
-0.005643
-0.006627
-0.007306
-0.008074
-0.008650
-0.008910
-0.009181
-0.009399
-0.009728
-0.009930
-0.009681
-0.009446
-0.009004
-0.008589
-0.008068
-0.007666
-0.007945
-0.009260
-0.009492
-0.009660
-0.010988
-0.011927
-0.011829
-0.012522
-0.013553
-0.013821
-0.013880
-0.013692
-0.013158
-0.011833
-0.010237
-0.008586
-0.007708
-0.006753
-0.005848
-0.004855
-0.003716
-0.002383
-0.001292
-0.000703
0.000423
0.001522
0.001732
0.001847
0.002076
0.001990
0.001533
0.001256
0.000791
-0.000110
-0.000469
-0.000272
-0.000323
-0.000166
0.000629
0.001085
0.001342
0.001976
0.002578
0.002827
0.003550
0.004471
0.004415
0.004403
0.005683
0.006488
0.006593
0.006939
0.007159
0.006743
0.005735
0.003370
0.001974
0.000773
-0.001128
-0.003589
-0.005310
-0.005530
-0.005672
-0.004501
-0.003339
-0.001804
-0.000266
0.000912
0.001561
0.002639
0.003347
0.002935
0.002287
0.001301
0.000015
-0.001931
-0.003135
-0.004135
-0.004950
-0.005315
-0.004548
-0.003741
-0.003073
-0.002512
-0.001842
-0.001317
-0.001123
-0.000972
-0.000790
-0.000564
-0.000331
-0.000155
0.000135
0.000744
0.001359
0.001914
0.002194
0.002390
0.002866
0.003433
0.004049
0.004533
0.005116
0.005921
0.006626
0.007122
0.007546
0.007806
0.007911
0.007897
0.007619
0.007608
0.007435
0.006548
0.005505
0.003845
0.002567
0.001543
0.000854
0.000191
-0.000017
-0.000249
-0.000457
-0.000709
-0.000816
-0.000711
-0.000850
-0.000833
-0.000201
0.000621
0.002127
0.003405
0.004559
0.005368
0.005983
0.006368
0.006830
0.007391
0.008399
0.009277
0.009604
0.009997
0.010049
0.009778
0.009312
0.008488
0.007443
0.005834
0.004455
0.003299
0.002386
0.001386
0.000571
0.000057
-0.000689
-0.001672
-0.001787
-0.001308
-0.000880
-0.000493
-0.000313
-0.000074
0.000211
0.000850
0.001556
0.002224
0.002686
0.002945
0.003206
0.003473
0.003687
0.003655
0.002893
0.001679
0.000980
0.001299
0.000848
0.000294
0.000392
0.000424
0.000027
-0.000231
-0.000092
0.000380
-0.000057
-0.002325
-0.003507
-0.004282
-0.005386
-0.007033
-0.008735
-0.009166
-0.009492
-0.009938
-0.009930
-0.009084
-0.008168
-0.007387
-0.006827
-0.006182
-0.005611
-0.005135
-0.004263
-0.002613
-0.001576
-0.001229
-0.000921
-0.001147
-0.001914
-0.002422
-0.002699
-0.002809
-0.002667
-0.002409
-0.002037
-0.001537
-0.001339
-0.001172
-0.000762
-0.000645
-0.000797
-0.000507
0.000088
0.000783
0.001365
0.001613
0.001316
0.000661
0.000230
-0.000503
-0.001872
-0.002665
-0.003338
-0.004519
-0.005744
-0.006816
-0.007166
-0.006908
-0.006307
-0.005568
-0.004449
-0.003722
-0.003228
-0.002825
-0.002378
-0.002322
-0.002601
-0.002884
-0.002582
-0.002380
-0.002221
-0.001952
-0.001438
-0.000649
-0.000134
-0.000395
-0.000794
-0.001703
-0.003343
-0.005087
-0.006284
-0.006576
-0.005992
-0.004916
-0.003851
-0.002171
-0.000971
-0.000042
0.000796
0.001244
0.001159
0.001550
0.002167
0.002494
0.002304
0.001131
0.000438
-0.000324
-0.000914
-0.001361
-0.001219
-0.000538
-0.000034
-0.001203
-0.002434
-0.003125
-0.003805
-0.004573
-0.005142
-0.005111
-0.004004
-0.003246
-0.002508
-0.002505
-0.002675
-0.002744
-0.002724
-0.002761
-0.002729
-0.002230
-0.001001
-0.000229
0.000371
0.000829
0.001154
0.001509
0.002221
0.003142
0.003263
0.003303
0.003485
0.003665
0.003697
0.003633
0.003593
0.003559
0.003309
0.002981
0.003099
0.003230
0.002848
0.002686
0.002764
0.002591
0.002060
0.001198
0.001124
0.001839
0.002106
0.002709
0.003857
0.004411
0.004241
0.004163
0.003962
0.003996
0.004331
0.004843
0.004992
0.005683
0.007478
0.008322
0.008523
0.009890
0.011324
0.011446
0.011226
0.010652
0.010532
0.010798
0.011445
0.011243
0.009975
0.008980
0.008639
0.009477
0.009681
0.008765
0.007122
0.006640
0.008052
0.007063
0.004402
0.002893
0.001421
-0.000553
-0.002112
-0.002589
-0.001767
-0.001766
-0.002116
-0.001302
0.000002
0.000989
0.002220
0.003829
0.004284
0.004208
0.004684
0.005153
0.005163
0.004919
0.004653
0.004559
0.003905
0.002419
0.002012
0.001666
0.000364
-0.000416
-0.000557
-0.001023
-0.001544
-0.002043
-0.002710
-0.003217
-0.003004
-0.003405
-0.005703
-0.006479
-0.005772
-0.006209
-0.006908
-0.007329
-0.007653
-0.007994
-0.008291
-0.008357
-0.007972
-0.007627
-0.006951
-0.006261
-0.005809
-0.005790
-0.005732
-0.006117
-0.006807
-0.007469
-0.008050
-0.008601
-0.009026
-0.009136
-0.009433
-0.010120
-0.010424
-0.010486
-0.010724
-0.011330
-0.012087
-0.011383
-0.010057
-0.009401
-0.008670
-0.007549
-0.006361
-0.005252
-0.004486
-0.003853
-0.003504
-0.003299
-0.003317
-0.003335
-0.003370
-0.003365
-0.003003
-0.002486
-0.002228
-0.001890
-0.001151
-0.000231
0.000494
0.000484
0.000614
0.000704
0.000754
0.000867
0.001271
0.001869
0.002844
0.003361
0.003805
0.004256
0.003830
0.003124
0.002233
0.001398
0.000362
-0.000668
-0.001418
-0.001582
-0.001870
-0.001927
-0.001549
-0.000960
-0.000033
0.000004
-0.000237
0.000065
0.000231
0.000072
0.000198
0.000674
0.000595
0.000827
0.002161
0.003346
0.004193
0.004509
0.004799
0.005141
0.005388
0.005492
0.005617
0.006012
0.006824
0.007251
0.007228
0.007312
0.007318
0.007107
0.006911
0.006501
0.005906
0.005521
0.005105
0.003611
0.001599
0.001836
0.002498
0.002835
0.002665
0.002620
0.003026
0.003500
0.003990
0.004162
0.003903
0.003235
0.003211
0.004362
0.004272
0.003863
0.004214
0.004515
0.004302
0.003446
0.002120
0.000878
-0.000219
-0.001419
-0.002721
-0.003645
-0.003724
-0.003835
-0.003648
-0.003062
-0.002253
-0.001762
-0.001132
-0.000204
0.000476
0.001106
0.001819
0.002342
0.002470
0.002870
0.002965
0.002482
0.002867
0.004617
0.005199
0.005485
0.006161
0.006532
0.005956
0.005211
0.004116
0.002923
0.001956
0.001506
0.000806
-0.000003
-0.000783
-0.001316
-0.001356
-0.001672
-0.001951
-0.001967
-0.001812
-0.001577
-0.001699
-0.002034
-0.002426
-0.002915
-0.003599
-0.004418
-0.005347
-0.006138
-0.006729
-0.007066
-0.007671
-0.008189
-0.008216
-0.008105
-0.007706
-0.007033
-0.005917
-0.004565
-0.003234
-0.002298
-0.001799
-0.001924
-0.001542
-0.001193
-0.001215
-0.001197
-0.001190
-0.001162
-0.001173
-0.001255
-0.001347
-0.001516
-0.001768
-0.001922
-0.001816
-0.001724
-0.001583
-0.001456
-0.001527
-0.002010
-0.002290
-0.002354
-0.002373
-0.002184
-0.001462
-0.000739
-0.000050
0.000401
0.000782
0.001275
0.001474
0.001392
0.001622
0.001744
0.001332
0.001002
0.000590
-0.000029
-0.000528
-0.000391
-0.000525
-0.000956
-0.001389
-0.001913
-0.002595
-0.003552
-0.005208
-0.006458
-0.007245
-0.007377
-0.007588
-0.007567
-0.007178
-0.006493
-0.005836
-0.005083
-0.004069
-0.003427
-0.002751
-0.001468
-0.000025
0.001315
0.002112
0.002241
0.002396
0.002421
0.002161
0.001974
0.001680
0.001224
0.000539
-0.000588
-0.001462
-0.002044
-0.002097
-0.002178
-0.002386
-0.002188
-0.001677
-0.001699
-0.001722
-0.001370
-0.000835
0.000067
0.001126
0.002149
0.002561
0.003102
0.003712
0.004078
0.004163
0.004062
0.003963
0.003679
0.003584
0.003578
0.003574
0.003638
0.003907
0.004032
0.004150
0.004376
0.004511
0.004369
0.004156
0.003794
0.003352
0.003048
0.003064
0.002930
0.002766
0.002655
0.002625
0.002884
0.003281
0.003463
0.002546
0.001918
0.002201
0.001874
0.001415
0.001704
0.002018
0.002098
0.002468
0.003165
0.003168
0.002114
0.001830
0.001695
0.001275
0.000832
0.000449
0.000078
-0.000322
-0.000697
-0.001065
-0.001490
-0.002018
-0.002302
-0.002088
-0.001887
-0.001273
0.000052
0.001314
0.002135
0.003032
0.003800
0.004225
0.004149
0.003261
0.002964
0.002984
0.002340
0.001792
0.001717
0.001195
0.000383
0.000377
0.000690
0.000721
0.000970
0.001642
0.002142
0.002400
0.002287
0.002303
0.002295
0.002183
0.001989
0.001788
0.001710
0.001715
0.001341
0.000589
-0.000339
-0.000983
-0.000976
-0.001320
-0.001427
-0.001138
-0.001253
-0.002097
-0.002057
-0.001692
-0.002238
-0.002631
-0.002222
-0.001889
-0.001699
-0.001631
-0.001398
-0.000716
-0.000179
0.000076
0.000039
0.000033
0.000482
0.000402
-0.000592
-0.000924
-0.000936
-0.000966
-0.001164
-0.001336
-0.001224
-0.001255
-0.001738
-0.001594
-0.000231
-0.000010
-0.000364
-0.000122
0.000211
0.000346
0.000268
0.000022
-0.000079
-0.000223
-0.000513
-0.000697
-0.000676
-0.000586
-0.000652
-0.001173
-0.001391
-0.001266
-0.001211
-0.001192
-0.001280
-0.001215
-0.001020
-0.001147
-0.001324
-0.001237
-0.001317
-0.001592
-0.001284
-0.000880
-0.001089
-0.001084
-0.000394
0.000140
0.000551
0.001013
0.001446
0.001754
0.002064
0.002091
0.001605
0.000558
0.000202
-0.000165
-0.000878
-0.001270
-0.001279
-0.001358
-0.001353
-0.001211
-0.000958
-0.000258
0.000536
0.001661
0.002980
0.003829
0.003697
0.004120
0.004337
0.003908
0.003304
0.003186
0.002921
0.002374
0.002084
0.001874
0.001530
0.001207
0.000956
0.000544
0.000072
-0.000173
-0.000592
-0.001381
-0.001692
-0.001551
-0.001818
-0.002216
-0.002512
-0.002597
-0.002256
-0.001957
-0.001326
-0.000638
0.000007
0.000635
0.001401
0.002197
0.002646
0.002980
0.003384
0.003287
0.002339
0.002125
0.002128
0.001562
0.000667
-0.000560
-0.001254
-0.001630
-0.002598
-0.003513
-0.003753
-0.004108
-0.004440
-0.004461
-0.003977
-0.003011
-0.002296
-0.002286
-0.002050
-0.002010
-0.002131
-0.002043
-0.001316
-0.001110
-0.001751
-0.001964
-0.001958
-0.001730
-0.001577
-0.001560
-0.001423
-0.001374
-0.001810
-0.002334
-0.002358
-0.002748
-0.003746
-0.004136
-0.004065
-0.003749
-0.003604
-0.003823
-0.003651
-0.003318
-0.003322
-0.003200
-0.002584
-0.002429
-0.002823
-0.002381
-0.001749
-0.001740
-0.001658
-0.001154
-0.000606
-0.000009
0.000533
0.000955
0.001127
0.001444
0.002104
0.002382
0.002356
0.002378
0.002150
0.001300
0.000618
0.000095
-0.000250
-0.000223
0.000260
0.000649
0.000730
0.001269
0.002123
0.002433
0.002467
0.002567
0.002759
0.002957
0.003158
0.003434
0.003767
0.004066
0.004345
0.004830
0.005385
0.005424
0.005306
0.005557
0.005767
0.005664
0.005266
0.004797
0.005205
0.005507
0.005106
0.004659
0.004154
0.003786
0.003282
0.002504
0.001710
0.000872
-0.000148
-0.001166
-0.001454
-0.001549
-0.001478
-0.001258
-0.000850
-0.000661
-0.000454
0.000057
0.000519
0.000833
0.001228
0.001744
0.002227
0.002506
0.002355
0.002286
0.002072
0.001828
0.001654
0.001625
0.001155
-0.000067
-0.000350
0.000189
-0.000159
-0.000719
-0.000920
-0.000949
-0.000943
-0.001416
-0.002038
-0.002298
-0.002335
-0.002061
-0.002064
-0.002178
-0.002320
-0.002183
-0.001500
-0.001249
-0.001345
-0.001168
-0.001064
-0.001230
-0.001114
-0.000520
-0.000239
0.000002
0.000360
0.000500
0.000211
0.000228
0.000412
0.000567
0.000599
0.000264
-0.000174
-0.000852
-0.001396
-0.001685
-0.001371
-0.000998
-0.000257
0.000063
0.000310
0.000842
0.001238
0.001238
0.001111
0.000795
0.000787
0.000571
-0.000281
-0.000901
-0.001379
-0.002065
-0.002952
-0.003787
-0.004189
-0.004064
-0.004067
-0.003997
-0.004030
-0.004080
-0.004191
-0.004161
-0.003947
-0.003473
-0.002981
-0.002620
-0.002338
-0.002221
-0.002146
-0.002086
-0.002062
-0.002092
-0.002153
-0.002129
-0.002130
-0.002295
-0.002461
-0.002626
-0.002704
-0.002843
-0.002830
-0.002678
-0.002428
-0.002197
-0.001897
-0.001497
-0.001271
-0.001121
-0.000612
0.000027
0.000416
0.000677
0.000779
0.001164
0.001510
0.001371
0.001207
0.001230
0.001310
0.001424
0.001408
0.001311
0.001162
0.001119
0.001096
0.000783
0.000320
-0.000021
-0.000283
-0.000447
-0.000783
-0.001204
-0.001663
-0.002108
-0.002365
-0.002395
-0.002455
-0.002898
-0.002995
-0.002306
-0.002030
-0.001926
-0.001839
-0.001581
-0.001053
-0.000903
-0.001199
-0.001420
-0.001570
-0.001601
-0.001488
-0.001224
-0.001251
-0.001436
-0.001650
-0.001772
-0.001680
-0.001354
-0.000829
-0.000392
0.000034
0.000630
0.001370
0.002076
0.002401
0.002538
0.002471
0.002589
0.002684
0.002626
0.002238
0.001417
0.001412
0.002081
0.002028
0.002271
0.003368
0.003649
0.003183
0.003525
0.004023
0.004117
0.004227
0.004446
0.004623
0.004625
0.004331
0.004001
0.003748
0.003522
0.003274
0.003038
0.002969
0.003255
0.003541
0.003879
0.003821
0.003748
0.003922
0.004130
0.004171
0.003720
0.003338
0.003161
0.002690
0.001918
0.001480
0.001259
0.001155
0.000975
0.000787
0.000747
0.001278
0.002516
0.002793
0.001741
0.001870
0.002475
0.002864
0.002860
0.002397
0.002314
0.002234
0.002067
0.002198
0.002799
0.002789
0.002708
0.003512
0.004258
0.004458
0.004618
0.004635
0.004728
0.004721
0.004381
0.003973
0.003577
0.003485
0.003232
0.002569
0.002070
0.001586
0.000807
0.000147
-0.000117
-0.000563
-0.001192
-0.001690
-0.001959
-0.001873
-0.001995
-0.002215
-0.002260
-0.002395
-0.002821
-0.002965
-0.002830
-0.002921
-0.003034
-0.003102
-0.003306
-0.003569
-0.003426
-0.003152
-0.003189
-0.003327
-0.003501
-0.003560
-0.003676
-0.003989
-0.004398
-0.004980
-0.005254
-0.005436
-0.005766
-0.006021
-0.006056
-0.006112
-0.006049
-0.005761
-0.005519
-0.005339
-0.005322
-0.005276
-0.004923
-0.004663
-0.004677
-0.004545
-0.004275
-0.003916
-0.003669
-0.003633
-0.003428
-0.003210
-0.003178
-0.003130
-0.002957
-0.002782
-0.002583
-0.002384
-0.002100
-0.001755
-0.001749
-0.001960
-0.001625
-0.001226
-0.001034
-0.000994
-0.001126
-0.001261
-0.001662
-0.002300
-0.002658
-0.002808
-0.003150
-0.003288
-0.002944
-0.002739
-0.002619
-0.002398
-0.002161
-0.002005
-0.001893
-0.001884
-0.001860
-0.001833
-0.001861
-0.002087
-0.002623
-0.002724
-0.002841
-0.003406
-0.003721
-0.003490
-0.003293
-0.003015
-0.002776
-0.002685
-0.002731
-0.002326
-0.001748
-0.001416
-0.001199
-0.001149
-0.000956
-0.000674
-0.000384
-0.000511
-0.001310
-0.001318
-0.000776
-0.000519
-0.000545
-0.000952
-0.001036
-0.001017
-0.000936
-0.000757
-0.000498
-0.000441
-0.000318
0.000335
0.001004
0.001478
0.001875
0.002099
0.002203
0.002350
0.002552
0.002529
0.002264
0.002188
0.002192
0.002229
0.002178
0.002191
0.002507
0.002845
0.002824
0.002964
0.003177
0.002929
0.002353
0.001876
0.001650
0.001503
0.001048
0.000693
0.000773
0.000734
0.000727
0.001120
0.001641
0.001817
0.002075
0.002438
0.002634
0.002796
0.003058
0.003051
0.002395
0.001991
0.001792
0.001913
0.001915
0.001932
0.002006
0.002147
0.002252
0.002011
0.001184
0.000895
0.000745
0.000329
-0.000139
-0.000612
-0.000879
-0.000976
-0.000963
-0.001121
-0.001469
-0.001647
-0.001533
-0.001071
-0.000940
-0.001113
-0.000789
-0.000276
0.000113
0.000567
0.001180
0.001633
0.001957
0.002145
0.002247
0.002208
0.002113
0.001736
0.001299
0.000971
0.000730
0.000205
-0.000269
-0.000044
0.000050
-0.000325
-0.000313
-0.000008
0.000013
-0.000079
-0.000086
0.000258
0.000737
0.000485
0.000128
-0.000061
-0.000108
-0.000032
-0.000097
-0.000272
-0.000687
-0.001162
-0.001762
-0.002277
-0.002771
-0.003166
-0.003379
-0.003380
-0.003485
-0.003415
-0.003087
-0.003019
-0.002973
-0.002284
-0.001424
-0.001120
-0.000764
-0.000313
0.000126
0.000508
0.000874
0.001282
0.001765
0.002207
0.002623
0.002958
0.003121
0.002950
0.002865
0.002724
0.002727
0.002678
0.002489
0.002538
0.002800
0.002890
0.002918
0.003021
0.003303
0.003690
0.003753
0.003703
0.003530
0.003392
0.003244
0.003109
0.002954
0.002738
0.002515
0.002399
0.002515
0.002558
0.002388
0.002342
0.002289
0.001875
0.001320
0.001053
0.000819
0.000566
0.000313
0.000196
0.000258
0.000244
0.000196
0.000185
0.000171
0.000160
0.000264
0.000432
0.000132
-0.000389
-0.000673
-0.000799
-0.000681
-0.000655
-0.000457
-0.000003
0.000316
0.000656
0.001296
0.001904
0.002008
0.002171
0.002286
0.002366
0.002352
0.002226
0.002028
0.001868
0.002041
0.002190
0.001712
0.000990
0.000143
-0.000280
-0.000658
-0.001352
-0.002116
-0.002780
-0.003005
-0.003056
-0.003237
-0.003180
-0.002798
-0.002919
-0.003129
-0.002905
-0.002675
-0.002597
-0.002555
-0.002558
-0.002683
-0.002847
-0.003034
-0.003238
-0.003440
-0.003501
-0.003403
-0.003141
-0.003143
-0.003132
-0.002716
-0.002420
-0.002507
-0.002448
-0.002309
-0.002186
-0.002280
-0.002696
-0.002691
-0.002520
-0.002725
-0.002921
-0.002814
-0.002516
-0.002039
-0.001973
-0.001965
-0.001898
-0.001823
-0.001679
-0.001400
-0.001240
-0.001374
-0.001338
-0.001197
-0.001211
-0.001220
-0.001113
-0.001071
-0.001142
-0.001232
-0.001214
-0.000985
-0.000894
-0.001060
-0.001447
-0.001822
-0.001670
-0.001486
-0.001314
-0.001363
-0.001509
-0.001640
-0.001746
-0.001791
-0.001648
-0.001316
-0.000932
-0.000510
-0.000019
0.000342
0.000659
0.000986
0.001071
0.000849
0.000755
0.000576
0.000233
-0.000077
-0.000375
-0.000710
-0.001202
-0.001761
-0.001816
-0.001336
-0.001231
-0.001092
-0.000681
-0.000386
-0.000225
-0.000007
0.000021
-0.000377
-0.000533
-0.000483
-0.000567
-0.000534
-0.000178
-0.000009
-0.000047
0.000043
0.000251
0.000586
0.000726
0.000597
0.000403
0.000283
0.000251
0.000039
-0.000435
-0.000875
-0.001040
-0.000686
-0.000583
-0.000562
-0.000263
-0.000023
-0.000077
-0.000029
0.000082
0.000081
0.000075
0.000173
0.000337
0.000561
0.000695
0.000828
0.000960
0.000972
0.000780
0.000638
0.000740
0.001108
0.000888
0.000418
0.000647
0.000808
0.000500
0.000278
0.000157
0.000183
0.000055
-0.000417
-0.000687
-0.000782
-0.000774
-0.000972
-0.001477
-0.001523
-0.001400
-0.001523
-0.001692
-0.001713
-0.001378
-0.000926
-0.000733
-0.000459
0.000095
0.000632
0.001012
0.001048
0.001184
0.001462
0.001272
0.000946
0.001073
0.001155
0.001008
0.000963
0.000851
0.000451
0.000223
0.000504
0.000649
0.000781
0.000915
0.001032
0.001281
0.001875
0.002438
0.002369
0.002447
0.002994
0.003291
0.003366
0.003319
0.003309
0.003494
0.003792
0.004113
0.004139
0.003865
0.003315
0.003478
0.003769
0.003498
0.003262
0.003294
0.003376
0.003471
0.003578
0.003668
0.003665
0.003498
0.003254
0.003127
0.003025
0.003059
0.003246
0.003391
0.003181
0.003082
0.003092
0.002957
0.002660
0.002224
0.001878
0.001532
0.001096
0.000635
0.000378
0.000403
0.000663
0.000460
0.000151
0.000072
0.000028
0.000047
0.000185
0.000225
-0.000143
-0.000251
-0.000023
0.000168
0.000283
0.000342
0.000515
0.000717
0.000751
0.000766
0.000778
0.000645
0.000411
0.000415
0.000438
0.000331
0.000187
0.000061
0.000111
0.000130
0.000021
-0.000134
-0.000395
-0.000723
-0.000968
-0.001018
-0.001071
-0.001045
-0.001076
-0.001118
-0.001105
-0.001111
-0.001122
-0.001093
-0.000877
-0.000592
-0.000151
-0.000029
0.000034
0.000246
0.000230
-0.000234
-0.000390
-0.000627
-0.001105
-0.001029
-0.000009
0.000160
0.000231
0.000705
0.000456
-0.001128
-0.001468
-0.001252
-0.001301
-0.001646
-0.002071
-0.001889
-0.001454
-0.001238
-0.001352
-0.001901
-0.002006
-0.002034
-0.002246
-0.002287
-0.002132
-0.002069
-0.001908
-0.001528
-0.001333
-0.001272
-0.001103
-0.001034
-0.001250
-0.001374
-0.001523
-0.001869
-0.002271
-0.002442
-0.002580
-0.002504
-0.002054
-0.001513
-0.001480
-0.001316
-0.001073
-0.001113
-0.001179
-0.000913
-0.000887
-0.001188
-0.001362
-0.001459
-0.001448
-0.001573
-0.001817
-0.002067
-0.002544
-0.003270
-0.003598
-0.003589
-0.003904
-0.004112
-0.003867
-0.003667
-0.003395
-0.002950
-0.002561
-0.002341
-0.001937
-0.001450
-0.001312
-0.001284
-0.001378
-0.001558
-0.001796
-0.001775
-0.001733
-0.001780
-0.001805
-0.001652
-0.001236
-0.000963
-0.001088
-0.001126
-0.001025
-0.000827
-0.000752
-0.000865
-0.000724
-0.000581
-0.000872
-0.001063
-0.000795
-0.000499
0.000134
0.000823
0.001293
0.001435
0.002025
0.002691
0.002720
0.002597
0.002496
0.002562
0.002611
0.002280
0.002040
0.001986
0.001513
0.000815
0.000822
0.000928
0.000898
0.000844
0.000914
0.001038
0.001175
0.001378
0.001561
0.001520
0.001135
0.001110
0.001817
0.001910
0.001866
0.002301
0.002471
0.001957
0.001860
0.001901
0.001806
0.001877
0.002296
0.002508
0.002741
0.003116
0.003212
0.002822
0.002855
0.002892
0.002549
0.002411
0.002692
0.002568
0.002327
0.002329
0.002187
0.001854
0.001931
0.002093
0.001881
0.001918
0.002503
0.002742
0.002738
0.002574
0.002379
0.002255
0.002219
0.002267
0.002333
0.002292
0.002033
0.001975
0.001801
0.001265
0.000969
0.001109
0.001183
0.001339
0.001550
0.001695
0.001737
0.001791
0.001697
0.001348
0.001030
0.000674
0.000471
0.000462
0.000632
0.000782
0.001023
0.001168
0.001330
0.001615
0.001738
0.001597
0.001622
0.001506
0.000955
0.000547
0.000577
0.001064
0.001474
0.000949
0.000672
0.000759
0.000873
0.000928
0.000892
0.000836
0.000732
0.000626
0.000525
0.000397
0.000071
-0.000315
-0.000527
-0.000679
-0.000735
-0.000697
-0.000499
-0.000183
0.000078
0.000239
0.000544
0.000977
0.001292
0.001153
0.000315
0.000231
0.000254
-0.000170
-0.000426
-0.000197
-0.000120
-0.000065
0.000096
0.000324
0.000599
0.000717
0.000711
0.000601
0.000454
0.000134
-0.000446
-0.001073
-0.001265
-0.001452
-0.001724
-0.001821
-0.001721
-0.001536
-0.001329
-0.001229
-0.001371
-0.001512
-0.001326
-0.001293
-0.001558
-0.001451
-0.001240
-0.001250
-0.001104
-0.000773
-0.001007
-0.001411
-0.001340
-0.001261
-0.001381
-0.001599
-0.001768
-0.001715
-0.001630
-0.001576
-0.001606
-0.001657
-0.001653
-0.001563
-0.001376
-0.001406
-0.001458
-0.001327
-0.001316
-0.001578
-0.001679
-0.001718
-0.001779
-0.001809
-0.001794
-0.001821
-0.001805
-0.001690
-0.001748
-0.002105
-0.002158
-0.002056
-0.001976
-0.001960
-0.002165
-0.002411
-0.002574
-0.002301
-0.001894
-0.001485
-0.001402
-0.001408
-0.000982
-0.000638
-0.000599
-0.000440
-0.000360
-0.000534
-0.000570
-0.000279
-0.000299
-0.000632
-0.000700
-0.000517
-0.000058
0.000051
-0.000106
0.000042
0.000232
0.000349
0.000505
0.000699
0.000650
0.000193
-0.000508
-0.000484
0.000165
0.000136
-0.000099
-0.000212
-0.000092
0.000277
0.000603
0.000728
0.000354
0.000353
0.000884
0.001156
0.001227
0.001066
0.001088
0.001430
0.001851
0.002091
0.001766
0.001763
0.002127
0.002193
0.002158
0.002183
0.002109
0.001806
0.001652
0.001610
0.001603
0.001348
0.000785
0.000865
0.001151
0.001049
0.000946
0.000955
0.000967
0.000988
0.001082
0.001100
0.000866
0.000561
0.000147
0.000081
0.000197
0.000400
0.000273
-0.000058
-0.000152
-0.000132
0.000042
0.000107
0.000205
0.000224
0.000045
-0.000491
-0.000799
-0.000886
-0.000617
-0.000350
-0.000233
-0.000085
0.000052
0.000062
-0.000023
-0.000243
-0.000449
-0.000666
-0.000891
-0.001097
-0.001026
-0.000467
0.000499
0.000678
0.000688
0.001106
0.001393
0.001402
0.001374
0.001261
0.001146
0.001224
0.001455
0.001196
0.000961
0.001360
0.001543
0.001444
0.001498
0.001554
0.001453
0.001447
0.001704
0.001829
0.001864
0.001837
0.001857
0.001887
0.001636
0.001251
0.001378
0.001450
0.001204
0.001149
0.001172
0.000913
0.000880
0.001352
0.001261
0.000715
0.000811
0.001109
0.001200
0.001365
0.001696
0.001923
0.002106
0.002357
0.002625
0.002600
0.002060
0.001601
0.002105
0.002354
0.002295
0.002268
0.002187
0.002002
0.001824
0.001800
0.001719
0.001540
0.001215
0.001072
0.001270
0.001204
0.001029
0.000985
0.000917
0.000778
0.000699
0.000690
0.000631
0.000515
0.000361
0.000413
0.000519
0.000201
-0.000108
-0.000114
-0.000052
0.000032
-0.000102
-0.000140
0.000084
-0.000016
-0.000315
-0.000083
-0.000002
-0.000718
-0.000976
-0.000599
-0.000749
-0.000987
-0.000968
-0.001195
-0.001729
-0.001587
-0.001408
-0.002062
-0.002624
-0.002574
-0.002405
-0.002185
-0.002541
-0.002799
-0.002594
-0.002500
-0.002518
-0.002581
-0.002725
-0.002765
-0.002873
-0.003181
-0.003352
-0.003253
-0.003408
-0.003553
-0.003257
-0.002970
-0.002866
-0.002715
-0.002598
-0.002619
-0.002327
-0.001295
-0.000874
-0.001395
-0.001476
-0.001534
-0.001500
-0.001446
-0.001636
-0.001664
-0.001613
-0.001747
-0.001941
-0.002139
-0.002267
-0.002295
-0.002302
-0.002316
-0.002363
-0.002024
-0.000927
-0.000350
-0.000088
-0.000058
0.000032
0.000315
0.000334
0.000081
-0.000090
-0.000188
-0.000218
-0.000417
-0.000892
-0.001126
-0.001231
-0.001298
-0.001453
-0.001505
-0.001219
-0.000739
-0.000895
-0.001028
-0.000839
-0.000801
-0.000922
-0.000915
-0.000872
-0.000894
-0.000838
-0.000645
-0.000570
-0.000450
-0.000107
0.000214
0.000516
0.001058
0.001717
0.001867
0.002055
0.002464
0.002548
0.002314
0.002420
0.002598
0.002608
0.002664
0.002811
0.002824
0.002724
0.002594
0.002478
0.002414
0.002279
0.002005
0.001628
0.001378
0.001452
0.001515
0.001620
0.001737
0.001904
0.002059
0.002103
0.002015
0.002149
0.002299
0.002187
0.002052
0.001940
0.001828
0.001628
0.001360
0.001206
0.001346
0.001211
0.000779
0.000785
0.000922
0.000833
0.000868
0.001207
0.001391
0.001411
0.001298
0.001263
0.001420
0.001408
0.001267
0.001228
0.001144
0.000864
0.000648
0.000550
0.000549
0.000566
0.000487
0.000537
0.000870
0.001068
0.001193
0.001227
0.001341
0.001636
0.001766
0.001560
0.001329
0.001075
0.000922
0.000672
0.000299
0.000204
0.000384
0.000393
0.000308
0.000190
0.000258
0.000430
0.000342
0.000224
0.000280
0.000223
0.000059
0.000211
0.000411
0.000294
0.000306
0.000639
0.000775
0.000826
0.000980
0.001103
0.001144
0.001307
0.001546
0.001373
0.001105
0.001160
0.001076
0.000616
0.000311
0.000073
-0.000129
-0.000374
-0.000667
-0.000803
-0.000825
-0.001022
-0.001163
-0.001071
-0.001149
-0.001406
-0.001357
-0.001332
-0.001761
-0.002180
-0.002373
-0.002491
-0.002448
-0.002386
-0.002421
-0.002667
-0.002794
-0.002733
-0.002545
-0.002423
-0.002661
-0.002705
-0.002475
-0.002386
-0.002430
-0.002579
-0.002543
-0.002286
-0.002249
-0.002256
-0.002166
-0.002133
-0.002223
-0.002165
-0.001917
-0.001656
-0.001610
-0.001954
-0.002017
-0.001880
-0.001933
-0.001914
-0.001708
-0.001873
-0.002536
-0.002440
-0.002058
-0.001999
-0.002089
-0.002330
-0.002273
-0.002042
-0.001876
-0.001736
-0.001634
-0.001556
-0.001450
-0.001163
-0.000898
-0.000917
-0.000873
-0.000803
-0.000808
-0.000831
-0.000783
-0.000810
-0.000983
-0.000992
-0.000885
-0.000839
-0.000811
-0.000784
-0.000739
-0.000609
-0.000331
-0.000062
-0.000054
0.000039
0.000229
0.000353
0.000403
0.000379
0.000392
0.000469
0.000469
0.000443
0.000484
0.000551
0.000613
0.000597
0.000585
0.000738
0.000871
0.000923
0.001065
0.001259
0.001295
0.001310
0.001460
0.001545
0.001547
0.001649
0.001749
0.001695
0.001615
0.001567
0.001579
0.001613
0.001554
0.001417
0.001151
0.000947
0.000837
0.000840
0.000912
0.000891
0.000813
0.000622
0.000500
0.000437
0.000453
0.000369
0.000163
0.000072
-0.000022
-0.000199
-0.000275
-0.000137
-0.000118
-0.000100
-0.000008
0.000105
0.000198
0.000186
0.000152
0.000340
0.000483
0.000260
0.000090
-0.000010
-0.000045
-0.000046
-0.000052
-0.000081
-0.000144
-0.000208
-0.000269
-0.000297
-0.000360
-0.000481
-0.000532
-0.000561
-0.000628
-0.000699
-0.000739
-0.000719
-0.000665
-0.000710
-0.000708
-0.000564
-0.000457
-0.000390
-0.000349
-0.000339
-0.000356
-0.000379
-0.000444
-0.000490
-0.000510
-0.000500
-0.000520
-0.000566
-0.000566
-0.000567
-0.000606
-0.000602
-0.000512
-0.000497
-0.000529
-0.000537
-0.000501
-0.000415
-0.000422
-0.000479
-0.000408
-0.000339
-0.000403
-0.000433
-0.000427
-0.000450
-0.000480
-0.000486
-0.000483
-0.000454
-0.000420
-0.000392
-0.000384
-0.000338
-0.000209
-0.000125
-0.000071
-0.000064
-0.000053
-0.000011
0.000024
0.000027
-0.000016
-0.000037
-0.000011
-0.000029
-0.000090
-0.000120
-0.000109
-0.000048
-0.000025
-0.000031
-0.000010
0.000001
-0.000020
-0.000007
0.000053
0.000057
0.000055
0.000090
0.000114
0.000108
0.000113
0.000112
0.000091
0.000072
0.000062
0.000050
0.000033
0.000018
0.000011
0.000024
0.000028
0.000010
-0.000038
-0.000070
-0.000063
-0.000063
-0.000066
-0.000069
-0.000062
-0.000043
-0.000029
-0.000018
-0.000012
-0.000000
0.000023
0.000035
0.000032
0.000037
0.000045
0.000052
0.000050
0.000033
0.000031
0.000038
0.000047
0.000048
0.000038
0.000035
0.000039
0.000047
0.000046
0.000027
0.000014
0.000008
0.000004
-0.000004
-0.000020
-0.000026
-0.000024
-0.000028
-0.000028
-0.000020
-0.000013
-0.000006
-0.000004
-0.000003
0.000001
0.000007
0.000013
0.000014
0.000015
0.000020
0.000025
0.000026
0.000028
0.000030
0.000031
0.000032
0.000032
0.000032
0.000034
0.000040
0.000043
0.000043
0.000048
0.000056
0.000058
0.000061
0.000068
0.000072
0.000073
0.000075
0.000077
0.000080
0.000082
0.000084
0.000086
0.000089
0.000092
0.000095
0.000099
0.000101
0.000103
0.000106
0.000110
0.000113
0.000115
0.000117
0.000120
0.000122
0.000125
0.000127
0.000129
0.000132
0.000134
0.000135
0.000137
0.000140
0.000142
0.000144
0.000146
0.000148
0.000150
0.000151
0.000153
0.000155
0.000157
0.000159
0.000161
0.000163
0.000164
0.000166
0.000168
0.000170
0.000172
0.000173
0.000175
0.000177
0.000179
0.000180
0.000182
0.000184
0.000185
0.000187
0.000189
0.000190
0.000192
0.000193
0.000195
0.000196
0.000198
0.000200
0.000201
0.000203
0.000204
0.000205
0.000207
0.000208
0.000210
0.000211
0.000212
0.000214
0.000215
