0.005557
0.005624
0.005646
0.005536
0.005512
0.005765
0.005859
0.005498
0.005392
0.005482
0.005156
0.005401
0.006138
0.005826
0.005094
0.004870
0.003893
0.004102
0.005814
0.005035
0.003923
0.004018
0.003830
0.003825
0.002957
0.004291
0.007746
0.008695
0.006001
0.003561
0.001374
-0.002515
-0.006586
-0.005509
-0.000973
-0.001645
-0.000925
0.000285
-0.001147
-0.003347
-0.009470
-0.007313
0.001673
0.002234
-0.000454
0.001061
-0.006534
-0.015570
-0.010478
0.006473
0.012132
-0.003580
-0.017036
-0.006816
0.008214
0.003718
-0.009978
-0.008882
-0.006790
-0.004587
0.004252
0.004054
0.000121
-0.011765
-0.021322
-0.008750
0.014953
0.008347
-0.009145
-0.009468
-0.007169
-0.000909
0.028922
0.034892
0.004357
-0.012848
0.008338
0.013242
-0.024563
-0.035039
-0.009313
0.003093
0.006753
0.012585
0.001164
-0.024075
-0.019103
0.009507
0.010238
-0.001932
-0.007560
0.000558
0.009976
-0.005283
-0.030176
-0.014278
-0.002196
-0.012879
-0.006619
0.005134
-0.007093
-0.013380
-0.007562
-0.002543
0.010465
0.007338
-0.016765
-0.035360
-0.028613
-0.006397
0.000657
0.001056
-0.000628
-0.002375
0.021034
0.039385
0.015777
-0.019455
-0.022753
-0.026998
-0.032807
-0.014342
0.012701
0.031525
0.030792
0.004353
-0.025945
-0.036918
-0.027959
-0.021793
0.009217
0.037981
0.010167
-0.035137
-0.030054
0.020752
0.049816
0.039069
-0.020051
-0.059214
-0.005002
0.038820
0.030056
0.024618
0.031315
0.020435
0.014389
0.005304
-0.006141
0.011891
0.010186
-0.010451
-0.017365
0.004938
0.014833
0.002405
-0.014774
-0.021700
0.011019
0.020477
0.005336
0.016240
0.027056
0.010294
0.006314
0.004706
0.000786
-0.014084
-0.029624
-0.000936
0.032445
0.037303
0.009779
-0.000052
0.013600
0.000374
-0.040216
-0.010165
0.041168
0.019325
-0.026286
-0.035396
-0.000034
0.032023
0.018234
0.010307
0.040068
0.008437
-0.066005
-0.071984
-0.026712
-0.017334
-0.010211
-0.005176
-0.035421
-0.036421
0.003034
-0.004966
-0.031997
-0.037329
-0.053778
-0.043608
0.000638
0.044054
0.045274
0.015983
0.004263
0.009961
0.047260
0.051421
0.012027
0.008886
0.003661
-0.024658
-0.025022
0.004118
0.039766
0.044491
-0.041621
-0.089646
-0.027605
0.060649
0.110346
0.084296
0.024524
-0.036418
-0.070479
-0.025143
0.044046
0.039837
-0.012960
-0.048582
-0.059209
-0.069552
-0.052020
-0.001076
0.019279
0.002691
-0.024150
-0.028529
-0.007153
0.036006
0.060913
0.038675
-0.004437
-0.046604
-0.059303
0.011355
0.109529
0.090083
-0.004297
-0.036079
0.006514
0.037047
0.032007
0.041089
0.058268
0.013528
-0.053173
-0.095143
-0.079318
-0.004390
0.035007
0.058750
0.082098
0.040718
-0.028090
-0.022028
-0.010231
-0.113990
-0.196074
-0.136274
-0.015662
0.048574
0.014044
-0.065400
-0.078842
-0.059332
-0.054430
-0.032050
0.057762
0.111560
0.075432
0.033955
0.009459
0.031814
0.024316
0.009173
0.033578
0.043265
0.044558
0.024388
0.011511
0.042440
0.074752
0.076532
0.052781
0.007717
-0.039312
-0.074965
-0.034999
0.022647
0.005110
-0.049735
-0.047150
-0.021235
-0.012754
-0.019846
-0.085990
-0.107561
-0.039747
-0.003759
0.026473
0.046125
-0.014089
-0.044031
-0.067635
-0.161113
-0.170903
-0.078253
-0.008987
0.054588
0.086912
0.123007
0.147511
0.133312
0.135030
0.131928
0.091185
0.034148
0.027805
0.050271
0.069316
0.129712
0.091745
-0.070213
-0.089499
0.007877
0.045618
0.053798
-0.022457
-0.125952
-0.060299
0.044953
0.045714
0.018177
0.008968
0.019781
-0.016390
-0.065188
-0.036333
0.020476
0.001472
0.014150
0.123473
0.142205
0.030503
0.007093
0.037461
-0.016642
-0.106831
-0.109398
0.032667
0.120698
0.074409
-0.013706
-0.052770
0.015045
0.047282
0.020578
-0.002378
-0.034071
-0.045628
0.040481
0.037822
-0.042341
-0.066841
-0.001499
0.050718
-0.117434
-0.260649
-0.122077
0.047033
0.022262
0.011143
0.099778
0.045628
0.021089
0.175405
0.187355
-0.038625
0.018463
0.108174
-0.159021
-0.199970
0.117246
0.202362
-0.025835
-0.103849
0.093287
0.111872
0.102442
0.148853
0.037711
-0.201190
-0.349658
-0.034699
0.470025
0.317751
-0.256445
-0.328398
-0.039886
-0.172308
-0.386694
-0.108156
0.203511
0.106027
-0.093276
-0.133510
-0.115614
-0.181312
-0.092016
-0.187869
-0.361341
-0.116590
0.192451
0.125896
-0.100635
-0.179277
0.003490
0.049678
-0.110748
-0.268174
-0.171647
0.072091
-0.176214
-0.299408
-0.116231
-0.215457
0.127346
0.641495
0.291552
-0.055819
0.311642
0.310805
-0.027754
0.095094
0.243520
-0.049355
-0.167170
0.173989
0.274841
0.068637
-0.241316
-0.185937
0.202991
0.140377
-0.033701
0.063359
0.056921
-0.161314
-0.176455
0.140628
-0.022117
-0.282676
0.042762
0.261806
-0.044581
-0.213293
-0.095594
-0.119813
-0.206023
0.044798
0.332273
-0.026943
-0.247259
0.052187
0.047762
-0.135733
-0.115762
0.032319
0.087955
-0.002827
0.064474
0.156039
0.243844
0.193290
-0.013395
-0.094790
-0.022351
0.121131
0.261044
0.190079
-0.226937
-0.380013
-0.007053
0.266065
0.168006
0.161116
0.257142
0.075020
-0.363380
-0.386903
0.282718
0.634554
0.278194
-0.150858
-0.278002
-0.055336
0.148505
-0.061320
-0.191361
-0.155390
-0.129618
-0.063146
-0.147995
-0.194244
-0.009525
-0.038098
-0.432875
-0.340271
0.456863
0.571317
0.016522
-0.269384
-0.268025
-0.189781
-0.109955
0.083705
0.336033
0.343761
0.061030
-0.014539
0.339415
0.477057
0.160039
-0.103481
-0.166896
-0.272778
-0.344836
-0.132730
0.205651
0.269282
0.070777
0.004251
0.024313
0.031462
0.173535
0.189225
0.027359
-0.039290
0.085437
0.273249
0.397746
0.260840
-0.214919
-0.376845
-0.200102
-0.393888
-0.623243
-0.084712
0.452858
0.149751
0.036687
0.159532
-0.051603
-0.251294
-0.263022
-0.198825
0.032874
0.190940
0.077417
-0.040971
-0.197613
-0.303477
-0.193311
-0.116336
-0.160813
-0.127973
0.098025
0.309219
0.316816
0.151331
0.013406
0.024832
0.221437
0.248065
0.023020
-0.091473
-0.122969
-0.243271
-0.299079
-0.034048
0.201167
-0.068995
-0.305407
-0.142310
-0.073167
-0.228306
-0.088720
0.125343
-0.134784
-0.116374
0.315062
0.140944
-0.123633
0.008795
-0.188228
-0.259274
0.111518
0.105820
-0.067393
0.023411
0.099366
-0.047577
-0.227309
-0.181624
-0.108078
-0.064359
0.054062
0.064453
0.037511
0.098823
0.144060
0.168674
0.202020
0.113486
-0.141470
-0.283565
-0.218882
-0.045985
0.098635
0.263955
0.182442
-0.181916
-0.377587
-0.361247
-0.231746
0.073219
0.271952
0.141173
0.077443
0.182567
0.166054
0.182254
0.232973
0.091751
0.018918
0.035999
-0.127137
-0.173224
0.036674
0.096925
0.058326
0.115303
0.116703
0.131577
0.280052
0.287776
0.018309
-0.217762
-0.175819
-0.016582
-0.030486
-0.161692
-0.127822
0.130895
0.271917
0.185821
0.067534
0.068272
0.055221
-0.080989
-0.054461
0.000458
0.122095
0.395333
0.414802
0.127884
-0.144363
-0.143805
-0.006706
-0.111227
-0.239285
-0.204018
-0.008045
0.264330
0.253484
0.119123
0.022530
-0.173861
-0.171365
0.128533
0.328732
0.328945
0.112046
-0.057631
-0.009624
-0.080505
-0.265430
-0.286646
-0.141793
-0.048794
-0.092017
-0.082606
0.036294
0.069931
0.003976
-0.059728
-0.075971
0.017491
0.137516
0.143646
-0.024933
-0.089857
-0.029368
-0.071469
-0.255217
-0.266719
-0.088756
-0.003292
-0.024904
-0.120443
-0.243084
-0.239667
-0.073233
0.040216
0.035738
0.026445
0.100814
0.194767
0.141532
0.030850
-0.000662
-0.019858
-0.070791
-0.099718
0.009571
0.173628
0.095343
-0.061272
-0.097119
-0.096159
-0.001368
0.102718
-0.013388
-0.181351
-0.149871
-0.047983
0.054565
0.137652
0.067246
-0.000577
-0.096912
-0.209601
-0.052395
0.088960
-0.010984
-0.056545
0.012923
0.000041
-0.003146
-0.026861
-0.167199
-0.132588
0.011926
-0.053731
-0.046051
0.109909
0.159660
0.091878
0.026905
0.104831
0.088278
-0.124141
-0.120694
-0.072371
-0.150026
-0.109908
0.021754
0.094427
0.046465
0.029294
-0.001788
-0.072122
0.037349
0.192627
0.196730
0.117179
0.058239
0.042120
0.017850
0.029878
0.072563
0.113133
0.114002
-0.053316
-0.122327
-0.036744
-0.052089
-0.093402
0.004406
0.112884
0.115561
0.085265
-0.038568
-0.147109
-0.082674
-0.025233
-0.064127
-0.023563
0.102609
0.082786
-0.098144
-0.075002
0.128146
0.101580
-0.052304
-0.120540
-0.129777
-0.067929
0.069756
0.115132
0.004104
-0.044854
0.015596
0.031815
0.047787
0.130716
0.167125
0.031470
-0.129248
-0.205035
-0.248240
-0.133737
0.116880
0.178953
0.110450
0.016749
-0.096484
-0.201467
-0.204805
-0.011662
0.159710
0.056299
-0.092811
-0.095034
-0.046520
-0.031133
-0.010443
0.072334
0.014504
-0.139231
-0.163770
-0.078780
-0.016148
0.020627
0.020430
0.019039
-0.015720
-0.020918
0.110020
0.267498
0.300953
0.216853
0.136017
0.063826
-0.042207
-0.126124
-0.066233
0.122376
0.179995
0.033816
-0.063751
-0.070347
0.002479
0.122855
0.118940
0.031389
0.037308
0.008288
-0.036703
-0.063401
-0.086955
-0.052793
-0.033650
-0.038800
0.078750
0.157004
0.100559
0.055942
-0.072544
-0.155789
-0.002586
0.092648
0.044226
0.043258
-0.022334
-0.138227
-0.086623
0.019456
-0.007189
0.054568
0.087638
0.061898
0.128006
0.068261
-0.071411
-0.085566
0.096211
0.201425
0.019038
-0.176620
-0.207188
-0.144884
-0.087869
-0.013969
0.104626
0.004216
-0.200458
-0.237170
-0.188423
-0.033490
0.131271
0.258730
0.274432
0.172704
0.039608
0.041560
0.053220
-0.047390
-0.144215
-0.240284
-0.150127
0.067427
-0.005066
-0.201454
-0.258379
-0.166427
0.001172
0.082837
0.100024
0.083444
0.004160
0.030606
0.054421
0.047569
-0.039391
-0.238456
-0.203948
0.017426
0.076911
0.044801
0.007823
-0.019240
-0.052146
-0.051706
-0.020806
0.048082
0.072219
0.046936
0.119894
0.257172
0.311107
0.100192
-0.177883
-0.185565
-0.004168
0.034001
0.047290
0.103580
-0.069662
-0.170780
-0.062281
-0.053875
-0.160931
-0.147931
-0.068439
0.053226
0.138167
0.183630
0.178740
0.030116
-0.070744
-0.120233
-0.115585
0.016246
0.161648
0.136202
-0.020384
-0.002245
0.116089
0.156776
0.125624
0.024661
-0.117639
-0.189408
-0.134828
0.026940
0.082454
-0.040449
-0.019654
0.021341
-0.040352
-0.010437
0.070055
0.191848
0.232925
0.143020
0.159249
0.157089
-0.017757
-0.086993
-0.016024
0.066848
0.215901
0.246017
0.009652
-0.235460
-0.313353
-0.357298
-0.454992
-0.166222
0.455752
0.494706
0.112773
-0.041447
-0.144891
-0.353648
-0.423231
-0.257696
0.002208
0.089383
0.005434
0.043314
0.067515
-0.104175
-0.115516
0.063667
0.047188
0.025084
0.083058
0.081208
0.064368
0.039696
0.013351
-0.000179
-0.028966
-0.052954
-0.093596
-0.180416
-0.230542
-0.205948
-0.200626
-0.105282
0.070769
0.049937
0.013440
0.013113
-0.098796
-0.051178
0.148602
0.145124
0.101407
0.132770
0.057434
-0.005182
0.096590
0.142870
0.071330
0.039567
0.044166
0.025569
0.038751
0.035409
-0.057100
-0.128467
-0.086049
0.018052
-0.005578
-0.094092
-0.069644
-0.055971
-0.057414
0.072765
0.171604
0.063127
-0.106657
-0.146344
0.040402
0.256996
0.183012
-0.055468
-0.130263
-0.019843
0.129585
0.183502
0.088384
-0.052433
-0.133952
-0.116406
-0.073744
-0.084499
-0.067959
-0.023232
0.011014
-0.034554
0.005497
0.211124
0.250488
0.104777
-0.012536
-0.157952
-0.151860
0.080644
0.190306
0.085529
-0.036348
-0.115051
-0.138973
-0.074865
-0.042211
-0.042615
-0.003011
0.007024
0.010300
0.034016
0.040024
0.010125
-0.010420
-0.016752
-0.039139
-0.038824
0.000675
0.046581
0.038163
0.008461
0.038622
0.045227
0.002367
-0.007960
0.021984
0.092356
0.119348
0.010287
-0.137453
-0.176821
-0.086028
0.022084
0.097361
0.123775
0.039270
-0.027136
-0.025921
-0.034626
-0.023609
-0.016103
-0.037057
-0.003101
0.018825
-0.009708
-0.016547
-0.033287
0.000075
0.055932
0.096348
0.140197
0.081760
-0.042039
-0.067306
-0.026554
-0.023030
0.007370
0.032609
0.006672
-0.011807
0.024213
0.046998
0.007138
-0.052120
-0.089873
-0.081206
-0.048650
-0.035830
-0.022492
-0.015699
-0.075144
-0.094374
-0.044592
-0.044256
-0.052403
0.013645
0.034361
-0.044520
-0.072856
-0.050466
-0.000717
0.044153
-0.000811
-0.004180
0.063144
0.053887
-0.022429
-0.081229
-0.044338
0.024173
-0.015577
-0.136686
-0.114353
0.018590
0.046684
0.035946
0.044528
0.023141
-0.027478
-0.029894
0.004575
0.019644
0.045672
0.059170
0.059347
0.064971
0.045519
-0.003929
-0.032563
-0.009021
0.057112
0.092449
0.080238
0.081541
0.089381
0.060872
0.016317
0.006026
0.010345
-0.007398
-0.000549
0.042438
0.048421
0.024027
0.034479
0.054792
0.040808
0.032229
0.038074
0.063789
0.048443
-0.021989
-0.045974
-0.023219
0.011269
0.021662
-0.022947
-0.031494
0.023600
0.018065
-0.015650
-0.002223
0.008344
-0.013993
-0.011979
0.005424
-0.035843
-0.051606
0.002732
0.015883
0.017132
0.067820
0.049070
-0.024395
-0.049954
-0.045035
-0.041706
-0.033247
-0.038610
-0.054165
-0.053442
-0.044305
-0.021613
0.027091
0.050659
0.009829
-0.042212
-0.016512
0.013275
-0.010181
-0.005575
0.022766
0.016256
-0.017762
-0.023807
-0.014475
-0.038455
-0.045505
-0.006548
0.038439
0.035395
0.027054
0.007902
-0.008175
0.018625
0.033727
0.018057
0.006554
0.007210
-0.010791
-0.030811
-0.032389
-0.030143
-0.004853
0.040337
0.066734
0.055141
0.027678
-0.011835
-0.031775
-0.021992
-0.021076
-0.019051
-0.019455
-0.018446
-0.031603
-0.016472
0.010918
0.015644
0.008331
-0.013246
-0.005071
0.010147
-0.014455
-0.039110
-0.040537
-0.034691
-0.018524
-0.032727
-0.041738
0.008212
0.034225
-0.000284
-0.005093
0.018439
0.028931
0.022434
-0.009257
-0.028853
0.000399
0.010161
-0.046274
-0.057859
-0.032822
-0.032398
-0.023482
0.007329
0.003300
0.011926
0.067477
0.074224
0.001846
-0.042791
-0.051618
-0.068032
-0.064688
-0.021554
0.009871
0.018571
0.041132
0.039744
0.017085
-0.007685
-0.034351
-0.051715
-0.051392
-0.058315
-0.075297
-0.083866
-0.064141
-0.008585
0.013283
-0.006716
-0.011138
0.011468
0.035001
0.055449
0.039351
-0.007209
-0.027396
0.016015
0.055732
0.027419
-0.025317
-0.020105
0.029445
0.016088
-0.049027
-0.038645
0.024200
0.052501
0.052769
0.040721
0.027584
0.009498
-0.008049
0.002016
0.046855
0.077785
0.063088
0.015561
-0.033856
-0.038552
0.006424
0.049975
0.042349
0.019778
0.021747
0.026511
0.019040
0.011092
0.007593
0.014286
0.027972
0.041736
0.052546
0.051283
0.032616
-0.003487
-0.026942
-0.024803
-0.019274
0.004208
0.028198
0.019289
-0.001331
-0.037211
-0.071799
-0.054355
-0.022436
-0.000334
0.013602
0.001164
-0.017471
-0.013308
-0.005677
-0.008091
0.013992
0.019706
0.000765
0.009067
0.011080
-0.003468
-0.017908
-0.022023
-0.008436
0.002756
-0.006914
-0.025458
-0.038939
-0.037851
-0.027555
-0.012892
0.015815
0.022842
-0.006358
-0.002400
0.029649
0.022203
0.009973
0.022569
0.038474
0.042585
0.036066
0.012477
-0.027774
-0.019722
0.023327
-0.006065
-0.054753
-0.033236
0.012938
-0.005679
-0.036542
-0.026437
-0.020418
-0.017173
-0.000752
0.010461
0.014976
-0.007425
-0.028577
-0.011068
0.022347
0.049050
0.040134
0.012437
-0.010699
-0.025795
-0.010175
0.014213
0.000167
-0.009038
-0.001505
0.002967
0.018236
0.018445
-0.009874
-0.012337
0.013838
0.014721
-0.025274
-0.041747
-0.013390
0.000695
-0.008193
-0.020272
-0.025855
-0.031717
-0.029333
-0.023939
-0.021055
-0.005884
0.000674
-0.005091
-0.028868
-0.039409
-0.019940
-0.027635
-0.045794
-0.036380
-0.024939
-0.024835
-0.046027
-0.060810
-0.037208
-0.004729
0.002469
0.006199
0.027299
0.050615
0.057406
0.048875
0.060349
0.068854
0.040768
0.026266
0.054428
0.070663
0.056819
0.041251
0.043180
0.049891
0.044357
0.034509
0.037954
0.038164
0.022841
0.020210
0.031680
0.023610
0.012475
0.013457
0.009822
0.002159
-0.001347
0.000682
0.006172
0.003810
-0.008205
-0.012523
-0.006215
-0.000455
-0.004765
-0.003839
0.004126
-0.003643
-0.017781
-0.015735
-0.000821
0.002825
-0.005574
-0.013838
-0.022779
-0.024276
-0.019419
-0.012479
-0.008767
-0.014466
-0.021386
-0.018863
-0.011931
-0.012975
-0.017981
-0.013259
-0.007270
-0.006940
-0.009765
-0.011765
-0.009599
-0.002714
0.001458
-0.001440
-0.005038
-0.007073
-0.007447
-0.005908
-0.004152
-0.003337
-0.004058
-0.005557
-0.006680
-0.006513
-0.005127
-0.003808
-0.002725
-0.001647
-0.001161
-0.001993
-0.002608
-0.002138
-0.001147
-0.000643
-0.000872
-0.001109
-0.001201
-0.001003
-0.000524
-0.000356
-0.000170
0.000125
0.000241
0.000282
0.000305
0.000317
0.000422
0.000568
0.000658
0.000712
0.000796
0.000860
0.000903
0.000960
0.001027
0.001092
0.001147
0.001192
0.001230
0.001262
0.001287
0.001304
0.001313
0.001314
0.001306
