0.000000
0.004375
0.008753
0.013132
0.017506
0.021876
0.026242
0.030607
0.034970
0.039337
0.043722
0.048132
0.052556
0.056977
0.061369
0.065706
0.070000
0.074327
0.078754
0.083293
0.087899
0.092451
0.096768
0.100700
0.104164
0.107175
0.109998
0.113202
0.117336
0.122712
0.129262
0.136380
0.143293
0.149675
0.155632
0.161417
0.167396
0.173998
0.181500
0.189876
0.198818
0.207606
0.215135
0.220394
0.222805
0.222825
0.222475
0.223936
0.228312
0.236342
0.248174
0.262363
0.276795
0.289773
0.299791
0.305783
0.307592
0.306266
0.303738
0.302042
0.301932
0.303051
0.305143
0.308119
0.312308
0.317924
0.324679
0.331990
0.339097
0.345177
0.349803
0.353426
0.357399
0.364081
0.376452
0.395802
0.420259
0.447063
0.473221
0.497277
0.520204
0.543079
0.566768
0.592017
0.618915
0.646283
0.672074
0.694475
0.713419
0.731195
0.751479
0.777260
0.808839
0.842607
0.873100
0.892916
0.895937
0.884915
0.868675
0.854642
0.845503
0.841572
0.841750
0.843006
0.841856
0.836439
0.826684
0.813657
0.799615
0.786399
0.774007
0.760154
0.742013
0.718056
0.691348
0.671879
0.677976
0.728114
0.821426
0.934257
1.036131
1.101609
1.122611
1.111944
1.088655
1.071879
1.078828
1.118690
1.190022
1.278744
1.366042
1.435885
1.477425
1.495184
1.507755
1.531586
1.570533
1.621700
1.679982
1.736487
1.783239
1.812990
1.819321
1.802805
1.767611
1.714563
1.642512
1.552081
1.446931
1.336147
1.237390
1.171160
1.144654
1.154724
1.193259
1.239104
1.280974
1.321061
1.360072
1.403499
1.456778
1.520736
1.589580
1.653176
1.701371
1.732798
1.756136
1.778637
1.798500
1.804602
1.789271
1.754370
1.709016
1.661226
1.612673
1.559604
1.497110
1.429145
1.370122
1.341397
1.352110
1.385270
1.409497
1.391146
1.306899
1.155947
0.954035
0.729501
0.510565
0.306854
0.115225
-0.066859
-0.235329
-0.383089
-0.502730
-0.593233
-0.658024
-0.695631
-0.700574
-0.669088
-0.607459
-0.536728
-0.478298
-0.448292
-0.451936
-0.481055
-0.527220
-0.587302
-0.660939
-0.740823
-0.808423
-0.834870
-0.784204
-0.635171
-0.405813
-0.144180
0.094137
0.265896
0.351243
0.358712
0.317551
0.242833
0.137475
0.017004
-0.093287
-0.169682
-0.194311
-0.162358
-0.095514
-0.030843
0.002674
-0.006488
-0.056521
-0.139342
-0.244827
-0.357638
-0.456658
-0.520077
-0.544810
-0.555422
-0.586805
-0.676477
-0.850656
-1.102134
-1.383399
-1.641351
-1.849851
-2.001467
-2.104393
-2.176651
-2.237309
-2.295955
-2.348487
-2.393531
-2.439283
-2.494219
-2.560887
-2.631534
-2.692062
-2.733910
-2.758206
-2.773608
-2.784860
-2.788488
-2.779325
-2.753407
-2.709169
-2.645361
-2.560655
-2.458994
-2.352652
-2.255161
-2.188043
-2.181735
-2.250692
-2.374980
-2.503072
-2.582480
-2.597762
-2.576774
-2.571112
-2.625786
-2.730947
-2.795033
-2.693332
-2.405251
-2.115759
-2.006943
-2.038348
-2.068217
-2.043154
-2.002989
-1.972257
-1.938310
-1.883551
-1.801307
-1.698252
-1.588909
-1.482568
-1.381798
-1.290515
-1.216284
-1.168854
-1.145511
-1.115961
-1.036168
-0.889979
-0.711773
-0.559883
-0.476343
-0.478937
-0.555975
-0.660965
-0.744563
-0.768727
-0.702937
-0.553124
-0.348158
-0.110088
0.141729
0.390979
0.629430
0.855669
1.071239
1.283517
1.500999
1.718643
1.911836
2.056502
2.141728
2.170178
2.153111
2.103690
2.037416
1.967344
1.903215
1.847853
1.795802
1.740797
1.680474
1.620453
1.574359
1.561489
1.596663
1.685765
1.823081
1.996361
2.188031
2.360501
2.466082
2.480625
2.406773
2.261446
2.076971
1.880632
1.686991
1.508190
1.354066
1.225393
1.112467
0.999860
0.885593
0.785463
0.716676
0.687857
0.692544
0.711383
0.714145
0.684374
0.629800
0.571095
0.535298
0.537304
0.578736
0.651728
0.737936
0.817713
0.876239
0.898172
0.875605
0.817445
0.744761
0.674541
0.612824
0.561137
0.519133
0.487516
0.464601
0.446951
0.436674
0.445573
0.490877
0.578478
0.691172
0.806902
0.918879
1.031351
1.152968
1.286411
1.420872
1.541572
1.635868
1.703515
1.756062
1.803377
1.844801
1.876097
1.904519
1.943036
2.002612
2.089158
2.200117
2.324372
2.448998
2.558721
2.636598
2.670443
2.656345
2.611601
2.556138
2.496650
2.439104
2.391027
2.363890
2.362766
2.379674
2.394128
2.371811
2.284932
2.132524
1.933667
1.705059
1.449487
1.172119
0.898536
0.661568
0.488183
0.391569
0.359260
0.355060
0.341728
0.289794
0.173862
-0.003866
-0.220493
-0.451552
-0.673574
-0.872107
-1.026499
-1.111716
-1.113340
-1.029266
-0.868839
-0.658284
-0.452481
-0.298245
-0.201123
-0.145090
-0.115087
-0.102410
-0.104528
-0.122639
-0.157645
-0.207796
-0.269059
-0.338529
-0.414504
-0.492878
-0.565145
-0.618527
-0.640837
-0.636390
-0.633658
-0.659686
-0.726741
-0.835585
-0.976054
-1.133628
-1.295859
-1.450813
-1.586219
-1.692169
-1.758773
-1.783420
-1.778379
-1.769384
-1.779031
-1.817893
-1.890421
-1.993104
-2.108547
-2.210570
-2.283924
-2.325079
-2.341058
-2.348664
-2.358806
-2.376676
-2.404175
-2.437309
-2.465958
-2.480398
-2.475080
-2.447254
-2.400338
-2.346058
-2.295129
-2.254496
-2.230188
-2.221531
-2.215993
-2.193174
-2.130516
-2.010696
-1.837374
-1.639438
-1.455143
-1.320289
-1.258930
-1.276446
-1.368072
-1.530396
-1.764445
-2.060910
-2.398196
-2.757560
-3.122660
-3.471118
-3.781389
-4.034066
-4.209390
-4.285752
-4.250926
-4.118928
-3.917111
-3.683321
-3.452086
-3.233263
-3.026151
-2.826408
-2.619145
-2.391899
-2.143981
-1.882920
-1.625196
-1.386487
-1.182028
-1.032915
-0.952489
-0.941410
-0.985294
-1.061990
-1.162190
-1.284168
-1.427669
-1.607968
-1.856458
-2.190272
-2.598021
-3.052089
-3.529590
-4.010866
-4.476323
-4.916710
-5.328081
-5.712110
-6.076004
-6.432178
-6.790733
-7.157490
-7.535809
-7.921671
-8.301490
-8.656018
-8.959742
-9.181668
-9.305104
-9.324452
-9.235173
-9.046429
-8.775348
-8.418869
-7.977026
-7.468164
-6.912201
-6.331593
-5.734213
-5.121226
-4.494549
-3.849736
-3.180829
-2.480181
-1.737359
-0.946789
-0.112882
0.751870
1.627113
2.497282
3.360171
4.226523
5.102606
5.941102
6.614275
6.990979
7.058003
6.893419
6.532132
5.962737
5.210276
4.357847
3.464205
2.540158
1.610431
0.704563
-0.157627
-0.965263
-1.712399
-2.385652
-2.954587
-3.377950
-3.625138
-3.704898
-3.647331
-3.465101
-3.182736
-2.852271
-2.521753
-2.233823
-2.019481
-1.879737
-1.797837
-1.757228
-1.763996
-1.844345
-2.014091
-2.279140
-2.638408
-3.064131
-3.514051
-3.966437
-4.415062
-4.846688
-5.243786
-5.598852
-5.919864
-6.219381
-6.505521
-6.781837
-7.048011
-7.304039
-7.541374
-7.724140
-7.788924
-7.700102
-7.474615
-7.155519
-6.806434
-6.472690
-6.145688
-5.788399
-5.360524
-4.826002
-4.183513
-3.460836
-2.694887
-1.945189
-1.287860
-0.779758
-0.430094
-0.185832
0.036363
0.265180
0.472440
0.619180
0.663875
0.576453
0.355686
0.014467
-0.433107
-0.960357
-1.546120
-2.186525
-2.879378
-3.616175
-4.374662
-5.134286
-5.882521
-6.607703
-7.297902
-7.929768
-8.465899
-8.881943
-9.164979
-9.289016
-9.226680
-8.980035
-8.596586
-8.138736
-7.643716
-7.130519
-6.613005
-6.100502
-5.606407
-5.147559
-4.734709
-4.368229
-4.040090
-3.742376
-3.466975
-3.193931
-2.887932
-2.505849
-2.012925
-1.404867
-0.712088
0.015096
0.723286
1.371248
1.935460
2.397639
2.738722
2.956815
3.057412
3.039800
2.923268
2.747261
2.540770
2.335530
2.166937
2.054032
2.009340
2.029991
2.101734
2.217721
2.361395
2.503171
2.618525
2.694350
2.747739
2.818233
2.925279
3.060585
3.208356
3.354274
3.488593
3.610468
3.723168
3.830645
3.937271
4.048592
4.173011
4.320277
4.500494
4.718614
4.973436
5.263961
5.586247
5.928135
6.272859
6.599952
6.895222
7.154783
7.376110
7.561236
7.719146
7.866114
8.018453
8.189247
8.385968
8.604921
8.836914
9.072545
9.306183
9.534108
9.749008
9.942128
10.101870
10.215360
10.272490
10.265240
10.189880
10.051790
9.864612
9.640205
9.391499
9.140403
8.908339
8.718160
8.585761
8.512423
8.492733
8.516020
8.570300
8.639090
8.698574
8.730835
8.726642
8.677586
8.583311
8.456679
8.314963
8.168864
8.017268
7.850651
7.659808
7.443803
7.207893
6.952697
6.671424
6.351182
5.981156
5.558605
5.089954
4.592466
4.091156
3.611543
3.174669
2.796308
2.493757
2.269702
2.106074
1.982368
1.874298
1.764906
1.654010
1.549506
1.472201
1.456340
1.523857
1.678873
1.916062
2.219114
2.569796
2.947404
3.326762
3.690182
4.019247
4.295115
4.502584
4.622136
4.646538
4.589604
4.463406
4.272470
4.025730
3.728107
3.378802
2.980338
2.539818
2.067997
1.574375
1.064922
0.543476
0.012811
-0.521587
-1.054404
-1.581378
-2.095197
-2.585690
-3.041064
-3.454138
-3.819721
-4.117334
-4.301248
-4.338325
-4.241898
-4.040937
-3.750395
-3.376447
-2.939759
-2.465528
-1.959684
-1.425579
-0.871059
-0.302862
0.268350
0.827371
1.356255
1.837987
2.257796
2.612271
2.909377
3.157603
3.365107
3.538447
3.680986
3.787729
3.845300
3.837940
3.755124
3.596020
3.365101
3.060522
2.678471
2.228460
1.721508
1.163469
0.561548
-0.079939
-0.757872
-1.461654
-2.166413
-2.840803
-3.453908
-3.977610
-4.399724
-4.733165
-4.996123
-5.197735
-5.343052
-5.437813
-5.485662
-5.482719
-5.425937
-5.314676
-5.151810
-4.943180
-4.696138
-4.417686
-4.115030
-3.799725
-3.481724
-3.166129
-2.855787
-2.547963
-2.236711
-1.921845
-1.608359
-1.302586
-1.010996
-0.741878
-0.506644
-0.317269
-0.187486
-0.132288
-0.161470
-0.272299
-0.448083
-0.668984
-0.916081
-1.173091
-1.427016
-1.666863
-1.887851
-2.089174
-2.270673
-2.430230
-2.562571
-2.659162
-2.716493
-2.739163
-2.735486
-2.715751
-2.693508
-2.685312
-2.705909
-2.760011
-2.842922
-2.948285
-3.071726
-3.211722
-3.366241
-3.532081
-3.703322
-3.872409
-4.031515
-4.174759
-4.296685
-4.385893
-4.428700
-4.413533
-4.342197
-4.228563
-4.086363
-3.935596
-3.794659
-3.673327
-3.572313
-3.487737
-3.421666
-3.377320
-3.354297
-3.348513
-3.353057
-3.359824
-3.362348
-3.354053
-3.329551
-3.285028
-3.213829
-3.109233
-2.964904
-2.774781
-2.540132
-2.278880
-2.000426
-1.696260
-1.365830
-1.015617
-0.650528
-0.273125
0.113130
0.503048
0.887953
1.257703
1.603449
1.917318
2.194508
2.431508
2.626386
2.777573
2.881105
2.933696
2.934488
2.884705
2.788777
2.656383
2.502468
2.339373
2.175949
2.020239
1.877965
1.752374
1.645745
1.561449
1.496721
1.439231
1.374954
1.296757
1.206492
1.111423
1.019697
0.934916
0.860010
0.803322
0.769136
0.754323
0.756472
0.775296
0.810628
0.860999
0.923705
0.998460
1.087906
1.193884
1.314476
1.441923
1.566885
1.680134
1.776485
1.856751
1.923522
1.981679
2.037892
2.097696
2.162032
2.225503
2.280352
2.318356
2.331979
2.316959
2.272160
2.200416
2.105550
1.989191
1.850902
1.689910
1.504759
1.293258
1.054937
0.795738
0.527038
0.256965
-0.008108
-0.257802
-0.480761
-0.663399
-0.797825
-0.886024
-0.932184
-0.938839
-0.906215
-0.839921
-0.753383
-0.662103
-0.576877
-0.503800
-0.449931
-0.424423
-0.436624
-0.492638
-0.594405
-0.742545
-0.934350
-1.161752
-1.411643
-1.669682
-1.922878
-2.155682
-2.355966
-2.517499
-2.636003
-2.708314
-2.731412
-2.704866
-2.633243
-2.524865
-2.380682
-2.197377
-1.982031
-1.748164
-1.506979
-1.267213
-1.037632
-0.823385
-0.625385
-0.444619
-0.281007
-0.132465
0.002444
0.125396
0.241088
0.354339
0.467625
0.580005
0.688726
0.792636
0.891399
0.984167
1.070756
1.151446
1.224982
1.289606
1.344582
1.389512
1.423292
1.443471
1.446200
1.426378
1.381017
1.309686
1.212698
1.092618
0.952613
0.792884
0.615213
0.429442
0.247086
0.077875
-0.069556
-0.187935
-0.271666
-0.319211
-0.332004
-0.312069
-0.260835
-0.178478
-0.063598
0.085568
0.269362
0.484609
0.724837
0.978756
1.234278
1.479350
1.704369
1.906510
2.084546
2.238584
2.370448
2.483115
2.579206
2.663041
2.743164
2.830368
2.933644
3.054837
3.189572
3.330559
3.467226
3.591004
3.697924
3.784123
3.847127
3.887626
3.908607
3.914005
3.908358
3.897224
3.886783
3.884258
3.894642
3.919011
3.953160
3.989360
4.020716
4.041914
4.048901
4.038992
4.012321
3.970502
3.914195
3.842195
3.752554
3.641945
3.505969
3.344892
3.164651
2.971717
2.768433
2.553211
2.324468
2.080438
1.819086
1.540608
1.248454
0.947657
0.643798
0.342136
0.047953
-0.231968
-0.495811
-0.746097
-0.980507
-1.192769
-1.375134
-1.523126
-1.637899
-1.723941
-1.786686
-1.829864
-1.857815
-1.877678
-1.894745
-1.911665
-1.930860
-1.953653
-1.980593
-2.012575
-2.050081
-2.088303
-2.117804
-2.130148
-2.121335
-2.092302
-2.046244
-1.987350
-1.921070
-1.855999
-1.802990
-1.766888
-1.746525
-1.741362
-1.753503
-1.787482
-1.845914
-1.928978
-2.038109
-2.175799
-2.342215
-2.531332
-2.730457
-2.928959
-3.119844
-3.298451
-3.463006
-3.610888
-3.740180
-3.848392
-3.929551
-3.974396
-3.980265
-3.950898
-3.887059
-3.789342
-3.661227
-3.506388
-3.328149
-3.130096
-2.915529
-2.686679
-2.446586
-2.202321
-1.961651
-1.731265
-1.515009
-1.314018
-1.128703
-0.956344
-0.790195
-0.625535
-0.461175
-0.297506
-0.136102
0.022508
0.177676
0.328518
0.475160
0.616794
0.749538
0.870255
0.978450
1.073992
1.154417
1.213224
1.245058
1.249066
1.228163
1.187157
1.130851
1.063417
0.990223
0.919202
0.854749
0.797600
0.748252
0.705686
0.666845
0.629756
0.595798
0.565957
0.538987
0.513166
0.488031
0.465574
0.449927
0.447705
0.467730
0.520861
0.618064
0.764657
0.956374
1.175531
1.406955
1.648645
1.893966
2.134519
2.366005
2.583599
2.783607
2.962727
3.120690
3.261163
3.389542
3.510211
3.626745
3.741551
3.854318
3.963543
4.068440
4.171038
4.274569
4.381909
4.494803
4.612294
4.730491
4.846322
4.959183
5.070528
5.182381
5.294098
5.402258
5.501305
5.585827
5.651156
5.692144
5.707190
5.698408
5.668777
5.623372
5.568808
5.508834
5.444632
5.377385
5.305727
5.225157
5.131965
5.024328
4.900690
4.760666
4.604733
4.433932
4.250619
4.059094
3.863313
3.666065
3.470415
3.280986
3.105694
2.950591
2.815700
2.695339
2.582751
2.475977
2.372761
2.266157
2.151697
2.028796
1.897488
1.759604
1.617765
1.472699
1.324984
1.178783
1.038341
0.906913
0.791235
0.702660
0.649633
0.635357
0.663255
0.735150
0.849164
1.000604
1.180337
1.380386
1.596108
1.816317
2.030264
2.231651
2.414945
2.576900
2.713340
2.821720
2.901876
2.954244
2.980347
2.982762
2.964717
2.930932
2.887948
2.837376
2.775694
2.700299
2.609612
2.504054
2.388875
2.270710
2.151671
2.032776
1.918010
1.810537
1.710664
1.616250
1.524883
1.436039
1.348337
1.259273
1.168750
1.078464
0.989308
0.901626
0.814831
0.726605
0.634852
0.539037
0.438102
0.329678
0.211876
0.083875
-0.055590
-0.208869
-0.378765
-0.566283
-0.770018
-0.988264
-1.221523
-1.470801
-1.734169
-2.009835
-2.297152
-2.593500
-2.894929
-3.198734
-3.503744
-3.808890
-4.114138
-4.421213
-4.731729
-5.044585
-5.354772
-5.657866
-5.950891
-6.229541
-6.490302
-6.731648
-6.952764
-7.151325
-7.322822
-7.462942
-7.569891
-7.643353
-7.683326
-7.692844
-7.677132
-7.637555
-7.573625
-7.488230
-7.384857
-7.265167
-7.129453
-6.977208
-6.807217
-6.618910
-6.414704
-6.198189
-5.971647
-5.733798
-5.482915
-5.224747
-4.970233
-4.730802
-4.513078
-4.320433
-4.155248
-4.015106
-3.894883
-3.791106
-3.701182
-3.619206
-3.538589
-3.453068
-3.357234
-3.246103
-3.114843
-2.963674
-2.798351
-2.621635
-2.431777
-2.228100
-2.011374
-1.784704
-1.554524
-1.330870
-1.119485
-0.920743
-0.736299
-0.566905
-0.410977
-0.265307
-0.127622
0.002704
0.127409
0.249361
0.369215
0.486457
0.602611
0.719571
0.838331
0.959305
1.082214
1.206471
1.332676
1.462822
1.597178
1.734584
1.874711
2.016338
2.156040
2.291216
2.420188
2.540154
2.649982
2.751506
2.845726
2.930996
3.004307
3.062340
3.102537
3.124949
3.131897
3.126201
3.111415
3.092362
3.073732
3.058621
3.048414
3.044341
3.048676
3.060115
3.073933
3.086192
3.092951
3.089614
3.075043
3.050450
3.014528
2.965147
2.901247
2.823370
2.734111
2.637420
2.535281
2.428158
2.318687
2.209896
2.102137
1.994890
1.889137
1.786110
1.687733
1.597398
1.515818
1.438036
1.358082
1.271544
1.177212
1.077470
0.974525
0.868584
0.760318
0.654581
0.557429
0.473594
0.405662
0.354384
0.318315
0.294475
0.280903
0.276188
0.279028
0.289147
0.305984
0.325425
0.341888
0.350586
0.349163
0.338131
0.319890
0.297408
0.272455
0.243705
0.208462
0.167353
0.122492
0.074725
0.022865
-0.034036
-0.093787
-0.154235
-0.214634
-0.273452
-0.329412
-0.383669
-0.438946
-0.498419
-0.564161
-0.636381
-0.714754
-0.799170
-0.889765
-0.985334
-1.083627
-1.182882
-1.282085
-1.380528
-1.478502
-1.577925
-1.681582
-1.791125
-1.906136
-2.025051
-2.147367
-2.274942
-2.407017
-2.538495
-2.665861
-2.788594
-2.907581
-3.024197
-3.137904
-3.245969
-3.350235
-3.460902
-3.580658
-3.700444
-3.816425
-3.930577
-4.042992
-4.152110
-4.255888
-4.353204
-4.443546
-4.525424
-4.597447
-4.658970
-4.709220
-4.746948
-4.771399
-4.782408
-4.779880
-4.764820
-4.739526
-4.705930
-4.665388
-4.619033
-4.567211
-4.510023
-4.447798
-4.380778
-4.308489
-4.229125
-4.139941
-4.040630
-3.933916
-3.822119
-3.704032
-3.574156
-3.429103
-3.269509
-3.097829
-2.918694
-2.737843
-2.558507
-2.382433
-2.212814
-2.053022
-1.908135
-1.784283
-1.687938
-1.624422
-1.593187
-1.588886
-1.606573
-1.642129
-1.688500
-1.736391
-1.777537
-1.806890
-1.820917
-1.815905
-1.796966
-1.775771
-1.758135
-1.744743
-1.735459
-1.730607
-1.730092
-1.731180
-1.729482
-1.720937
-1.704234
-1.680684
-1.651952
-1.619262
-1.581999
-1.536861
-1.480141
-1.410880
-1.328251
-1.228760
-1.110315
-0.975049
-0.827890
-0.672893
-0.512554
-0.348683
-0.181827
-0.012286
0.159621
0.334917
0.513846
0.693397
0.869718
1.040783
1.205360
1.360948
1.504583
1.633141
1.746024
1.845480
1.934743
2.017931
2.100234
2.186556
2.281092
2.386783
2.502102
2.622203
2.742891
2.860636
2.971491
3.072093
3.159453
3.232764
3.294412
3.348476
3.398102
3.444921
3.491144
3.540561
3.598034
3.663804
3.734248
3.807529
3.882600
3.957884
4.032661
4.107042
4.180380
4.250897
4.315767
4.373183
4.421417
4.456525
4.476010
4.481704
4.478847
4.470584
4.454821
4.430192
4.398571
4.361842
4.320935
4.277231
4.233168
4.191952
4.156738
4.129346
4.109571
4.095075
4.082220
4.067033
4.045867
4.015556
3.974307
3.921006
3.854644
3.777117
3.692780
3.603528
3.507120
3.399845
3.281077
3.153396
3.019322
2.881610
2.743577
2.606788
2.471211
2.337657
2.207717
2.083220
1.964901
1.853141
1.749489
1.655246
1.570747
1.495283
1.426501
1.360719
1.294954
1.227007
1.155822
1.082350
1.008367
0.935387
0.864579
0.797669
0.736533
0.682351
0.635714
0.598409
0.574125
0.566137
0.574171
0.595387
0.626651
0.665038
0.707571
0.751255
0.793849
0.833054
0.868093
0.899531
0.926723
0.949335
0.968435
0.985392
1.001053
1.015796
1.029549
1.041436
1.049338
1.049973
1.039833
1.018095
0.983877
0.932110
0.860742
0.773105
0.671578
0.557768
0.435749
0.309671
0.181877
0.053601
-0.073837
-0.197402
-0.314415
-0.423304
-0.523024
-0.614199
-0.698586
-0.775734
-0.843986
-0.903842
-0.954684
-0.992777
-1.017053
-1.030958
-1.038811
-1.043829
-1.047915
-1.052347
-1.057543
-1.062274
-1.064212
-1.061279
-1.052898
-1.040090
-1.024047
-1.006423
-0.989750
-0.976259
-0.967750
-0.965514
-0.969566
-0.978786
-0.991350
-1.003807
-1.010912
-1.009912
-1.002842
-0.992973
-0.982512
-0.972407
-0.963345
-0.957340
-0.955932
-0.959122
-0.966104
-0.975710
-0.986916
-0.999814
-1.015440
-1.033979
-1.054873
-1.077911
-1.103545
-1.133005
-1.167734
-1.208035
-1.252790
-1.301378
-1.354548
-1.413632
-1.479337
-1.551066
-1.628063
-1.709922
-1.796202
-1.885859
-1.976937
-2.068359
-2.160128
-2.251714
-2.341520
-2.426514
-2.503801
-2.571177
-2.628010
-2.675926
-2.716636
-2.751206
-2.779612
-2.803087
-2.826476
-2.853520
-2.884895
-2.920758
-2.961233
-3.006235
-3.055330
-3.107690
-3.161904
-3.216308
-3.269217
-3.320017
-3.369439
-3.418262
-3.466644
-3.513887
-3.559234
-3.601564
-3.637686
-3.662957
-3.673771
-3.669091
-3.649133
-3.614070
-3.564475
-3.502066
-3.430421
-3.354918
-3.279141
-3.204374
-3.130488
-3.055611
-2.978478
-2.899976
-2.822231
-2.745951
-2.671077
-2.597999
-2.526617
-2.456611
-2.389317
-2.327221
-2.271996
-2.224074
-2.183274
-2.148904
-2.119404
-2.092350
-2.064738
-2.032708
-1.994108
-1.948415
-1.893337
-1.826366
-1.746911
-1.657597
-1.563430
-1.467792
-1.371446
-1.274589
-1.177620
-1.081421
-0.987395
-0.897016
-0.811147
-0.729745
-0.652001
-0.576340
-0.500825
-0.424206
-0.346314
-0.267510
-0.188492
-0.110098
-0.032992
0.041630
0.111828
0.177109
0.238862
0.298449
0.355614
0.408892
0.459871
0.512445
0.566653
0.619849
0.670464
0.717718
0.760718
0.798334
0.830068
0.856063
0.876135
0.889657
0.896560
0.897223
0.892052
0.881909
0.868083
0.851316
0.831757
0.809698
0.785339
0.758705
0.730046
0.700068
0.670013
0.641405
0.616031
0.595506
0.580871
0.572390
0.569400
0.570738
0.575363
0.582053
0.589325
0.596493
0.603589
0.610626
0.617331
0.623422
0.628560
0.632613
0.636847
0.643620
0.653903
0.667446
0.684497
0.706004
0.733397
0.766882
0.805194
0.846648
0.888913
0.929066
0.965753
0.999369
1.030930
1.062312
1.096003
1.134327
1.178969
1.230829
1.290102
1.356657
1.429217
1.504746
1.580051
1.652723
1.720416
1.780737
1.831411
1.872682
1.906799
1.934730
1.956580
1.973483
1.988077
2.004303
2.025207
2.051800
2.084471
2.123030
2.167050
2.217023
2.273889
2.337833
2.408254
2.483246
2.559288
2.632511
2.700648
2.763670
2.823096
2.880563
2.937666
2.996142
3.057210
3.121836
3.189947
3.260219
3.331110
3.400736
3.466788
3.527747
3.582406
3.629552
3.668713
3.700097
3.723981
3.740645
3.751308
3.757019
3.757154
3.751409
3.741510
3.729370
3.716014
3.701696
3.686123
3.669121
3.651125
3.632395
3.611649
3.587579
3.559990
3.528009
3.489965
3.445695
3.396125
3.341458
3.281400
3.215328
3.142503
3.063438
2.980623
2.896114
2.810434
2.723598
2.635556
2.546675
2.457833
2.370186
2.283687
2.197715
2.112681
2.028212
1.942563
1.855787
1.769311
1.682755
1.594199
1.501130
1.401828
1.296081
1.185516
1.072376
0.957544
0.841270
0.724021
0.606390
0.489195
0.373978
0.261526
0.151941
0.046386
-0.054153
-0.150926
-0.246067
-0.341898
-0.440957
-0.544584
-0.652239
-0.763099
-0.877680
-0.996730
-1.120170
-1.246517
-1.373539
-1.499239
-1.623135
-1.745456
-1.865268
-1.981717
-2.095048
-2.205900
-2.314179
-2.418469
-2.517889
-2.613512
-2.706181
-2.795686
-2.882190
-2.966513
-3.049340
-3.130152
-3.207501
-3.281166
-3.351481
-3.417312
-3.477852
-3.533408
-3.582691
-3.623510
-3.656894
-3.684988
-3.707821
-3.725701
-3.740107
-3.751634
-3.760216
-3.766276
-3.769311
-3.767509
-3.760230
-3.747371
-3.727135
-3.698495
-3.662901
-3.621636
-3.575741
-3.527593
-3.478401
-3.427037
-3.373220
-3.318138
-3.261482
-3.201743
-3.138089
-3.069837
-2.996188
-2.918208
-2.837888
-2.755435
-2.671140
-2.586749
-2.502535
-2.417381
-2.331789
-2.246890
-2.163030
-2.080583
-2.000086
-1.921276
-1.843637
-1.768123
-1.697643
-1.635954
-1.584423
-1.542029
-1.508018
-1.482572
-1.466322
-1.459073
-1.459624
-1.465950
-1.475825
-1.487214
-1.498688
-1.509348
-1.518158
-1.524074
-1.525804
-1.522434
-1.513888
-1.500930
-1.484956
-1.467850
-1.451033
-1.435457
-1.422345
-1.411251
-1.399034
-1.382684
-1.360551
-1.332302
-1.297782
-1.255043
-1.203322
-1.143826
-1.077080
-1.003697
-0.926123
-0.846780
-0.767377
-0.689083
-0.613268
-0.542667
-0.478229
-0.417320
-0.357515
-0.299193
-0.244460
-0.193788
-0.144418
-0.095032
-0.046906
-0.001025
0.042038
0.081913
0.119341
0.156108
0.193581
0.232764
0.274653
0.318502
0.361646
0.402229
0.439740
0.474261
0.506014
0.535213
0.562750
0.588883
0.612014
0.631974
0.651942
0.674544
0.699953
0.726409
0.751282
0.772662
0.790687
0.805928
0.816778
0.822048
0.823011
0.821413
0.819109
0.818318
0.819345
0.820283
0.820519
0.820942
0.821002
0.819234
0.814704
0.807900
0.800416
0.793223
0.787040
0.783206
0.782588
0.785735
0.794136
0.810024
0.834773
0.866828
0.902610
0.941725
0.986565
1.037348
1.092270
1.148841
1.205151
1.260209
1.313428
1.364136
1.411043
1.453649
1.492184
1.525793
1.553091
1.573887
1.589225
1.600343
1.607744
1.611884
1.614211
1.616249
1.619034
1.623049
1.628857
1.637703
1.649804
1.663157
1.676592
1.691876
1.710147
1.730736
1.752977
1.776198
1.799546
1.822855
1.846413
1.869438
1.890697
1.909780
1.926236
1.938835
1.947224
1.951987
1.953365
1.952067
1.949473
1.945446
1.938721
1.929174
1.916966
1.901636
1.882990
1.861125
1.835548
1.805239
1.768835
1.725251
1.673819
1.614129
1.546757
1.473825
1.398140
1.322197
1.247791
1.175842
1.106891
1.041174
0.978798
0.919827
0.864167
0.811376
0.760339
0.709589
0.658515
0.607222
0.555448
0.502403
0.447176
0.390428
0.334168
0.280012
0.229365
0.184175
0.145300
0.112399
0.085665
0.064534
0.046765
0.030276
0.013350
-0.005582
-0.026540
-0.048788
-0.073139
-0.101597
-0.134000
-0.168859
-0.206201
-0.246757
-0.290196
-0.334545
-0.377780
-0.420066
-0.462833
-0.506981
-0.552266
-0.597126
-0.639214
-0.677221
-0.711007
-0.739952
-0.763546
-0.782689
-0.799367
-0.816151
-0.834692
-0.855571
-0.879615
-0.906627
-0.934934
-0.963400
-0.991298
-1.016601
-1.037636
-1.054964
-1.071143
-1.089264
-1.111185
-1.136607
-1.163512
-1.190856
-1.218811
-1.246747
-1.273937
-1.300364
-1.326339
-1.352266
-1.378635
-1.405877
-1.434704
-1.466547
-1.502934
-1.543554
-1.586760
-1.631171
-1.675348
-1.717211
-1.754927
-1.787831
-1.815777
-1.839178
-1.858627
-1.874036
-1.885273
-1.892689
-1.895720
-1.892970
-1.884255
-1.869827
-1.848781
-1.820834
-1.787402
-1.749935
-1.709376
-1.666698
-1.622907
-1.579201
-1.536564
-1.495637
-1.456902
-1.420566
-1.386468
-1.353760
-1.321312
-1.288532
-1.255514
-1.222634
-1.189880
-1.157098
-1.125015
-1.095126
-1.068702
-1.045029
-1.022785
-1.002578
-0.984279
-0.965300
-0.944466
-0.922497
-0.899073
-0.873375
-0.845250
-0.815631
-0.785802
-0.755609
-0.723779
-0.689553
-0.653735
-0.618752
-0.586776
-0.557152
-0.526591
-0.494720
-0.464986
-0.440061
-0.420889
-0.407530
-0.399700
-0.397239
-0.400155
-0.407326
-0.415995
-0.424583
-0.432843
-0.440097
-0.445908
-0.450084
-0.452359
-0.452968
-0.453440
-0.455011
-0.457043
-0.457936
-0.455059
-0.445229
-0.428098
-0.406885
-0.383091
-0.355174
-0.322658
-0.285816
-0.244233
-0.198630
-0.150992
-0.101869
-0.051039
0.000519
0.051951
0.102983
0.152640
0.198851
0.239134
0.272265
0.297963
0.315496
0.324576
0.326509
0.322950
0.315373
0.305805
0.295388
0.283832
0.271198
0.258425
0.245788
0.232269
0.216075
0.196217
0.173050
0.147165
0.118717
0.087493
0.053995
0.019744
-0.013902
-0.046517
-0.078167
-0.108639
-0.137094
-0.162360
-0.182988
-0.197190
-0.204180
-0.203789
-0.194392
-0.174332
-0.144417
-0.106623
-0.063032
-0.015885
0.032890
0.081702
0.129190
0.173429
0.213503
0.249584
0.281011
0.306913
0.326953
0.341735
0.351962
0.357016
0.356045
0.349228
0.337836
0.323857
0.309005
0.293690
0.277519
0.260952
0.246536
0.238234
0.236553
0.238105
0.241308
0.246919
0.255670
0.266927
0.278496
0.289123
0.298654
0.306531
0.312766
0.318222
0.323334
0.328861
0.337138
0.349725
0.366718
0.388370
0.415056
0.447035
0.484760
0.528992
0.579475
0.633794
0.688157
0.740387
0.791280
0.841915
0.892055
0.940714
0.987540
1.032938
1.075548
1.112736
1.144367
1.171528
1.193895
1.211728
1.226246
1.237608
1.245733
1.251963
1.257764
1.264162
1.272088
1.281315
1.290199
1.297635
1.302696
1.303199
1.298015
1.288162
1.274438
1.257286
1.238615
1.220416
1.203248
1.186654
1.170088
1.153492
1.136899
1.120153
1.102986
1.085133
1.066530
1.047626
1.028801
1.008718
0.985179
0.957745
0.927579
0.896084
0.863165
0.827419
0.787827
0.743797
0.695138
0.642496
0.586951
0.529284
0.470438
0.412070
0.355711
0.302118
0.251205
0.202297
0.154964
0.109633
0.067047
0.027077
-0.010168
-0.043009
-0.069576
-0.088824
-0.101258
-0.108587
-0.112387
-0.113748
-0.112508
-0.106878
-0.096112
-0.082621
-0.068516
-0.054123
-0.039623
-0.025136
-0.010664
0.003380
0.016524
0.029435
0.042924
0.056780
0.070909
0.085389
0.099301
0.111789
0.122847
0.131535
0.136006
0.136262
0.134449
0.133000
0.132325
0.130464
0.124923
0.114564
0.100491
0.083755
0.064652
0.043769
0.021295
-0.003009
-0.028629
-0.054772
-0.081270
-0.107534
-0.132221
-0.154781
-0.174837
-0.190975
-0.202622
-0.210551
-0.214973
-0.215843
-0.214086
-0.210647
-0.206427
-0.203044
-0.201907
-0.203158
-0.206681
-0.213356
-0.224291
-0.239814
-0.259108
-0.281313
-0.305892
-0.331612
-0.357106
-0.381407
-0.403779
-0.423827
-0.441821
-0.458181
-0.472725
-0.485160
-0.495616
-0.504664
-0.512396
-0.517973
-0.521072
-0.522306
-0.522051
-0.520326
-0.517198
-0.512553
-0.506118
-0.497841
-0.487458
-0.473949
-0.456444
-0.435031
-0.410678
-0.384103
-0.354960
-0.322933
-0.288186
-0.250904
-0.211593
-0.171453
-0.131369
-0.091791
-0.053583
-0.017369
0.016652
0.047426
0.072221
0.088390
0.097182
0.103966
0.110755
0.115282
0.116626
0.115519
0.113311
0.110184
0.105501
0.099615
0.093172
0.086244
0.078661
0.070175
0.060422
0.049459
0.037795
0.025431
0.011985
-0.002769
-0.019642
-0.040150
-0.064338
-0.090526
-0.117707
-0.147405
-0.182741
-0.224521
-0.271439
-0.322286
-0.376000
-0.432570
-0.494304
-0.562810
-0.636510
-0.714461
-0.796923
-0.882488
-0.969324
-1.056605
-1.143568
-1.229388
-1.313869
-1.396858
-1.477936
-1.557982
-1.638204
-1.717771
-1.795248
-1.870164
-1.942241
-2.010473
-2.073187
-2.129820
-2.181670
-2.229677
-2.273490
-2.312606
-2.347260
-2.378686
-2.407708
-2.434369
-2.458608
-2.479970
-2.497925
-2.513283
-2.527293
-2.539525
-2.549224
-2.556629
-2.561917
-2.565230
-2.567363
-2.568302
-2.566524
-2.561489
-2.553443
-2.541211
-2.523777
-2.501834
-2.476571
-2.448669
-2.418550
-2.387196
-2.356281
-2.326140
-2.296123
-2.266549
-2.237555
-2.208083
-2.177137
-2.144256
-2.108960
-2.071030
-2.030485
-1.987480
-1.942557
-1.896749
-1.851095
-1.806144
-1.760927
-1.713151
-1.661161
-1.605209
-1.546796
-1.486391
-1.423693
-1.359094
-1.293124
-1.225999
-1.158085
-1.089754
-1.020771
-0.950713
-0.879440
-0.806797
-0.732604
-0.656970
-0.579831
-0.500806
-0.420691
-0.341547
-0.264583
-0.189527
-0.115964
-0.045067
0.020517
0.079480
0.133214
0.184709
0.235353
0.284514
0.331451
0.375842
0.418266
0.459224
0.498486
0.535350
0.569625
0.602124
0.633266
0.662929
0.691509
0.719683
0.747886
0.775849
0.802531
0.826697
0.847468
0.864438
0.877636
0.887118
0.892814
0.895873
0.899151
0.904233
0.911071
0.919701
0.929787
0.940729
0.952152
0.963449
0.973216
0.980375
0.984842
0.987119
0.987996
0.988230
0.988073
0.987253
0.985604
0.983273
0.980481
0.977594
0.975393
0.975000
0.977648
0.984188
0.995096
1.011109
1.032715
1.059714
1.091356
1.126791
1.165237
1.204840
1.242921
1.278974
1.314010
1.347996
1.380801
1.413190
1.446407
1.481202
1.517115
1.553456
1.589966
1.625876
1.659681
1.690145
1.717979
1.745404
1.772621
1.797505
1.818098
1.833822
1.845251
1.853118
1.858187
1.861017
1.861687
1.860525
1.859085
1.859082
1.860712
1.863320
1.866646
1.871003
1.876706
1.883406
1.890722
1.898772
1.907678
1.917446
1.927873
1.937392
1.942703
1.941828
1.934131
1.918580
1.895246
1.865709
1.831589
1.793854
1.753195
1.709833
1.663976
1.616708
1.569425
1.522487
1.475880
1.430011
1.384909
1.340253
1.296097
1.252014
1.206393
1.158148
1.106656
1.050760
0.990255
0.926384
0.859981
0.791420
0.721844
0.652168
0.582654
0.513909
0.447058
0.382657
0.320795
0.261741
0.205156
0.149952
0.095579
0.042578
-0.008074
-0.056792
-0.105212
-0.153411
-0.201208
-0.250636
-0.303527
-0.360145
-0.420288
-0.483926
-0.551634
-0.623517
-0.698486
-0.774842
-0.851132
-0.926829
-1.001609
-1.074383
-1.144404
-1.211501
-1.275132
-1.334597
-1.389316
-1.439033
-1.483467
-1.521942
-1.554254
-1.581051
-1.602667
-1.619139
-1.631346
-1.640897
-1.649724
-1.658789
-1.667149
-1.672531
-1.673108
-1.669601
-1.663770
-1.656651
-1.648393
-1.638858
-1.628515
-1.617467
-1.605465
-1.593400
-1.582560
-1.572989
-1.564834
-1.559091
-1.555199
-1.551582
-1.548152
-1.544873
-1.540665
-1.535673
-1.531130
-1.526680
-1.520931
-1.513424
-1.505619
-1.499778
-1.495610
-1.490744
-1.483365
-1.473604
-1.462915
-1.451587
-1.439466
-1.427528
-1.416541
-1.406425
-1.397177
-1.388886
-1.381513
-1.375218
-1.370234
-1.365929
-1.361423
-1.356871
-1.352446
-1.347543
-1.342028
-1.335875
-1.327885
-1.317248
-1.304602
-1.290211
-1.273481
-1.254266
-1.232978
-1.210177
-1.186226
-1.160883
-1.133152
-1.102162
-1.068102
-1.030897
-0.989631
-0.944215
-0.895157
-0.842314
-0.785374
-0.724239
-0.658733
-0.588957
-0.515598
-0.438807
-0.357828
-0.273081
-0.186075
-0.096993
-0.005361
0.088254
0.182790
0.277301
0.371258
0.464482
0.556883
0.648519
0.739576
0.830340
0.920671
1.009724
1.097222
1.183642
1.268428
1.350446
1.429689
1.506832
1.582192
1.655168
1.723916
1.786008
1.840991
1.891633
1.940257
1.987195
2.031563
2.071865
2.107313
2.138046
2.164666
2.187173
2.205164
2.218421
2.226735
2.229988
2.228918
2.224865
2.218798
2.211364
2.203178
2.194492
2.185131
2.174752
2.163244
2.151098
2.138682
2.125442
2.109568
2.088566
2.060876
2.027217
1.989981
1.950489
1.908807
1.865157
1.819561
1.771510
1.720350
1.666062
1.609839
1.552564
1.493526
1.432511
1.370433
1.307668
1.244193
1.180556
1.117292
1.054296
0.991094
0.927200
0.862479
0.797005
0.730698
0.663528
0.595708
0.527555
0.459065
0.389832
0.320262
0.251845
0.184936
0.118941
0.054330
-0.008011
-0.067594
-0.124023
-0.176908
-0.226151
-0.271466
-0.311928
-0.347322
-0.378594
-0.406371
-0.430860
-0.452448
-0.471516
-0.488604
-0.504603
-0.520659
-0.537002
-0.553120
-0.569152
-0.585492
-0.602259
-0.619278
-0.635911
-0.651107
-0.664239
-0.675149
-0.682732
-0.685046
-0.682407
-0.676908
-0.669244
-0.659598
-0.648675
-0.636705
-0.624529
-0.615285
-0.610976
-0.609953
-0.610209
-0.611085
-0.612859
-0.616412
-0.622391
-0.630982
-0.642183
-0.656811
-0.675570
-0.696786
-0.718491
-0.740642
-0.762851
-0.783600
-0.802980
-0.822567
-0.843123
-0.865372
-0.890298
-0.916857
-0.942257
-0.965371
-0.986734
-1.007299
-1.028330
-1.050988
-1.074879
-1.098183
-1.119342
-1.136815
-1.149105
-1.156494
-1.160800
-1.162514
-1.161611
-1.159433
-1.156878
-1.153322
-1.148703
-1.143841
-1.138632
-1.132466
-1.125229
-1.116913
-1.107081
-1.094892
-1.079630
-1.061288
-1.040502
-1.018004
-0.993822
-0.967454
-0.939147
-0.909568
-0.878924
-0.847425
-0.815755
-0.784305
-0.753047
-0.722020
-0.691155
-0.660081
-0.628146
-0.594573
-0.558886
-0.520942
-0.480648
-0.437870
-0.392469
-0.344777
-0.295410
-0.244388
-0.191497
-0.137123
-0.081955
-0.026833
0.027495
0.080656
0.132444
0.182423
0.229727
0.274112
0.316123
0.355938
0.393335
0.428158
0.460384
0.490269
0.518562
0.546137
0.573428
0.600782
0.628937
0.658478
0.689474
0.721512
0.753524
0.784645
0.816595
0.853576
0.896570
0.943122
0.991640
1.041300
1.091299
1.140984
1.189738
1.236545
1.280572
1.321746
1.359914
1.394461
1.425580
1.454290
1.481466
1.507481
1.532466
1.556412
1.578843
1.598990
1.616794
1.633548
1.650406
1.666576
1.678679
1.684040
1.683421
1.678166
1.668772
1.655562
1.638404
1.616670
1.590350
1.560271
1.526934
1.490373
1.450778
1.409066
1.366486
1.323109
1.278753
1.234558
1.191047
1.147343
1.103251
1.059305
1.015639
0.972417
0.929988
0.887798
0.845122
0.803067
0.762562
0.722200
0.680564
0.637178
0.591396
0.543016
0.493069
0.442097
0.389663
0.336644
0.284475
0.233156
0.182764
0.134851
0.090442
0.049832
0.013741
-0.017859
-0.046452
-0.073330
-0.097889
-0.119104
-0.137081
-0.152557
-0.166253
-0.178540
-0.189219
-0.198004
-0.205153
-0.210837
-0.214896
-0.217512
-0.218774
-0.217907
-0.214344
-0.208421
-0.200133
-0.189130
-0.175986
-0.161477
-0.145361
-0.127498
-0.108550
-0.088688
-0.068248
-0.049011
-0.031776
-0.014349
0.006084
0.031184
0.060491
0.092482
0.126801
0.163475
0.202403
0.243692
0.287343
0.332713
0.379258
0.426715
0.474407
0.521273
0.566321
0.609100
0.649304
0.686424
0.720076
0.750231
0.777113
0.801538
0.825398
0.850450
0.876508
0.902068
0.925811
0.947685
0.968669
0.989556
1.010770
1.032236
1.053355
1.073186
1.091127
1.107325
1.122171
1.135197
1.145470
1.153162
1.158370
1.159782
1.156703
1.149995
1.140547
1.128081
1.111278
1.089790
1.064807
1.037331
1.007443
0.974712
0.938951
0.900477
0.859695
0.816635
0.770953
0.722724
0.672509
0.620513
0.566799
0.511874
0.456210
0.400027
0.343545
0.286814
0.229593
0.171883
0.114082
0.056343
-0.001179
-0.057876
-0.113394
-0.167825
-0.221022
-0.272288
-0.320568
-0.365402
-0.407098
-0.445240
-0.479019
-0.509148
-0.536444
-0.560247
-0.580460
-0.597966
-0.612519
-0.622995
-0.628775
-0.629327
-0.623911
-0.613028
-0.597998
-0.579221
-0.557210
-0.533606
-0.509759
-0.486616
-0.465045
-0.444386
-0.422401
-0.397878
-0.371393
-0.343371
-0.313692
-0.282190
-0.249121
-0.215183
-0.181045
-0.147357
-0.114917
-0.084335
-0.056203
-0.031421
-0.011469
0.001936
0.008641
0.010147
0.007682
0.001663
-0.007742
-0.019161
-0.029473
-0.036411
-0.040497
-0.044820
-0.051261
-0.058752
-0.066281
-0.073668
-0.081175
-0.089164
-0.098043
-0.108283
-0.120024
-0.132942
-0.147290
-0.164106
-0.183179
-0.203364
-0.224418
-0.246398
-0.268938
-0.292021
-0.316100
-0.341554
-0.368868
-0.398593
-0.430316
-0.463257
-0.497774
-0.534226
-0.572053
-0.610714
-0.649847
-0.688683
-0.726092
-0.760917
-0.792914
-0.822560
-0.850029
-0.875405
-0.899170
-0.922461
-0.946560
-0.971609
-0.997593
-1.025570
-1.055268
-1.084914
-1.113784
-1.141598
-1.166935
-1.188417
-1.205861
-1.220185
-1.231904
-1.240007
-1.243808
-1.243780
-1.240510
-1.234165
-1.224521
-1.211701
-1.196668
-1.180423
-1.163695
-1.147295
-1.132057
-1.118678
-1.107114
-1.096955
-1.088305
-1.081329
-1.075596
-1.070215
-1.065122
-1.061889
-1.060907
-1.059071
-1.052873
-1.040657
-1.022625
-1.000607
-0.976841
-0.951772
-0.924647
-0.895867
-0.865654
-0.833223
-0.798492
-0.762161
-0.723845
-0.683235
-0.641467
-0.598788
-0.553893
-0.506207
-0.456202
-0.404484
-0.351273
-0.296027
-0.237613
-0.175279
-0.110138
-0.045057
0.016758
0.075646
0.134552
0.194216
0.254183
0.314459
0.374958
0.435589
0.496876
0.558788
0.620183
0.680425
0.739657
0.797890
0.854935
0.910498
0.964437
1.016756
1.067379
1.116137
1.162723
1.206784
1.248111
1.286764
1.322901
1.356468
1.387161
1.415101
1.441442
1.467207
1.492806
1.518601
1.545155
1.573282
1.602999
1.633583
1.665192
1.698708
1.734281
1.770932
1.807110
1.842640
1.878337
1.913883
1.948416
1.981206
2.011573
2.039197
2.064470
2.087757
2.108715
2.127066
2.142955
2.156621
2.168187
2.177607
2.184816
2.189825
2.192681
2.193397
2.191934
2.188295
2.182644
2.175266
2.166165
2.155018
2.141761
2.126379
2.108527
2.088376
2.066506
2.042154
2.013909
1.982000
1.948113
1.914517
1.882325
1.850710
1.818022
1.783425
1.747086
1.708523
1.667353
1.624463
1.580367
1.534264
1.486560
1.438711
1.390927
1.343171
1.296071
1.249321
1.202239
1.155595
1.110025
1.064965
1.020717
0.978796
0.940028
0.903369
0.866055
0.826608
0.785802
0.745347
0.706555
0.669216
0.632931
0.597503
0.562281
0.527078
0.492784
0.459655
0.426973
0.394672
0.363090
0.332043
0.301567
0.272241
0.244209
0.216958
0.189976
0.163658
0.138766
0.114533
0.089738
0.064792
0.040365
0.016096
-0.008574
-0.033944
-0.060104
-0.087113
-0.115175
-0.144454
-0.175191
-0.207867
-0.242460
-0.278487
-0.316241
-0.356135
-0.397368
-0.439347
-0.482360
-0.526230
-0.570613
-0.616024
-0.663071
-0.711766
-0.762222
-0.814805
-0.869609
-0.926357
-0.984569
-1.043870
-1.104060
-1.164845
-1.225679
-1.285764
-1.344776
-1.402710
-1.459175
-1.513952
-1.567340
-1.619544
-1.670537
-1.720453
-1.769543
-1.818063
-1.866091
-1.913645
-1.961041
-2.008957
-2.057916
-2.106711
-2.152467
-2.193423
-2.229448
-2.260857
-2.288613
-2.313913
-2.336673
-2.356262
-2.373070
-2.387506
-2.399754
-2.410948
-2.422514
-2.434593
-2.446554
-2.457846
-2.467981
-2.476772
-2.484493
-2.491190
-2.496071
-2.498111
-2.496017
-2.488569
-2.477229
-2.466536
-2.457922
-2.448840
-2.437382
-2.422514
-2.403521
-2.380256
-2.352889
-2.321411
-2.285963
-2.247049
-2.205447
-2.161736
-2.115606
-2.066548
-2.015114
-1.962276
-1.908437
-1.853172
-1.796393
-1.739463
-1.683208
-1.627167
-1.571367
-1.516025
-1.460582
-1.405073
-1.350875
-1.298828
-1.248464
-1.198800
-1.149588
-1.101463
-1.054336
-1.007629
-0.961412
-0.915775
-0.870037
-0.823184
-0.774691
-0.724845
-0.673641
-0.620045
-0.563416
-0.504209
-0.443366
-0.381105
-0.316519
-0.249544
-0.181235
-0.112134
-0.042554
0.026834
0.096043
0.165354
0.233882
0.301037
0.367773
0.434861
0.502191
0.569496
0.636706
0.704164
0.772083
0.840131
0.907478
0.973383
1.037578
1.099923
1.160304
1.218690
1.274170
1.324527
1.369115
1.409853
1.449448
1.489862
1.530911
1.570139
1.605192
1.636544
1.665747
1.693246
1.718459
1.740645
1.759889
1.776927
1.792933
1.808789
1.823687
1.835122
1.842624
1.848749
1.854247
1.858004
1.860073
1.861310
1.862845
1.865909
1.870070
1.872318
1.871269
1.868452
1.864088
1.857380
1.848738
1.838875
1.827758
1.814902
1.799748
1.781980
1.761830
1.739855
1.716147
1.690743
1.664270
1.637174
1.609708
1.582761
1.557095
1.532795
1.510215
1.489824
1.470982
1.453181
1.437223
1.423108
1.409853
1.397739
1.386982
1.376120
1.364867
1.354680
1.345765
1.337484
1.329986
1.323363
1.317343
1.311992
1.306898
1.300562
1.292548
1.283991
1.275480
1.266959
1.258465
1.249645
1.240018
1.229980
1.219949
1.209318
1.197402
1.183848
1.168488
1.151633
1.133990
1.115974
1.097575
1.078601
1.058580
1.037066
1.014283
0.990883
0.967157
0.943178
0.919090
0.895053
0.871290
0.848180
0.826005
0.804674
0.783601
0.761272
0.735571
0.706649
0.678063
0.651761
0.626418
0.600023
0.570830
0.538057
0.502338
0.464877
0.425989
0.385379
0.342804
0.298365
0.252104
0.203740
0.153469
0.101804
0.048274
-0.007539
-0.064611
-0.122605
-0.182438
-0.243587
-0.303941
-0.361708
-0.417956
-0.476928
-0.542098
-0.613394
-0.687876
-0.763328
-0.839104
-0.914455
-0.990057
-1.068295
-1.148809
-1.228632
-1.307078
-1.384485
-1.459790
-1.532367
-1.602396
-1.669595
-1.734105
-1.796700
-1.856725
-1.912722
-1.965469
-2.016400
-2.065124
-2.110703
-2.153043
-2.193171
-2.231834
-2.268284
-2.301447
-2.330922
-2.357142
-2.380717
-2.401618
-2.419415
-2.433709
-2.444550
-2.452021
-2.455957
-2.457061
-2.456415
-2.453108
-2.445654
-2.434623
-2.420544
-2.402853
-2.382100
-2.359421
-2.334758
-2.308005
-2.280060
-2.251519
-2.222391
-2.192794
-2.162679
-2.131805
-2.100249
-2.067991
-2.034446
-1.999888
-1.965547
-1.930977
-1.895024
-1.858658
-1.823194
-1.788645
-1.754432
-1.719867
-1.684468
-1.648071
-1.610767
-1.573029
-1.536146
-1.501378
-1.467058
-1.429365
-1.387684
-1.343862
-1.298451
-1.251162
-1.201886
-1.150841
-1.098284
-1.044269
-0.988532
-0.930941
-0.872303
-0.813386
-0.753526
-0.692395
-0.630960
-0.569429
-0.507354
-0.445176
-0.383617
-0.322903
-0.262533
-0.200918
-0.136353
-0.070314
-0.007698
0.049689
0.104003
0.157212
0.210187
0.262873
0.314930
0.366354
0.417823
0.469386
0.520513
0.571729
0.623278
0.673769
0.722715
0.770956
0.818175
0.863918
0.909086
0.953866
0.997291
1.039366
1.080601
1.120630
1.158820
1.194732
1.228054
1.258818
1.287399
1.314081
1.339094
1.362820
1.385257
1.406079
1.425720
1.444822
1.462935
1.479917
1.496771
1.513482
1.529212
1.544326
1.559328
1.573897
1.588077
1.602421
1.616879
1.630524
1.642309
1.652945
1.664031
1.675579
1.687157
1.699052
1.711180
1.722762
1.733113
1.742132
1.750232
1.757472
1.763583
1.768727
1.773122
1.776584
1.778622
1.778637
1.776242
1.771485
1.764706
1.756139
1.745531
1.731671
1.712702
1.688134
1.661308
1.636238
1.613332
1.590041
1.563507
1.534212
1.503568
1.470428
1.434264
1.396343
1.357075
1.316142
1.273747
1.229773
1.183959
1.137089
1.089825
1.041672
0.992536
0.942963
0.892846
0.841876
0.790809
0.741471
0.695106
0.650566
0.605579
0.558817
0.510877
0.463290
0.416290
0.369629
0.323423
0.276874
0.228755
0.179264
0.129629
0.081046
0.033756
-0.012701
-0.058449
-0.103486
-0.147860
-0.191499
-0.234291
-0.276316
-0.317723
-0.358668
-0.399399
-0.439891
-0.479522
-0.517960
-0.555754
-0.593236
-0.630058
-0.665782
-0.700402
-0.734375
-0.767688
-0.799744
-0.830113
-0.858835
-0.886213
-0.912042
-0.935929
-0.958120
-0.978632
-0.997030
-1.014253
-1.031902
-1.049232
-1.065083
-1.080324
-1.095281
-1.109377
-1.123098
-1.137244
-1.151976
-1.167273
-1.182781
-1.197576
-1.211732
-1.226941
-1.243559
-1.260184
-1.275861
-1.290294
-1.303639
-1.316333
-1.327989
-1.336741
-1.341788
-1.344817
-1.346748
-1.346782
-1.344324
-1.339487
-1.333363
-1.327757
-1.323772
-1.320335
-1.315254
-1.306976
-1.295703
-1.282914
-1.269692
-1.256753
-1.244580
-1.232855
-1.221035
-1.209665
-1.199367
-1.189598
-1.179470
-1.168934
-1.159359
-1.151561
-1.144233
-1.136470
-1.128720
-1.121411
-1.114168
-1.105139
-1.091816
-1.073022
-1.051422
-1.030741
-1.011758
-0.993771
-0.975926
-0.957620
-0.938443
-0.918034
-0.896436
-0.874211
-0.851847
-0.829416
-0.806766
-0.783897
-0.760655
-0.736128
-0.709691
-0.681912
-0.653448
-0.624369
-0.594511
-0.564005
-0.533417
-0.502787
-0.471793
-0.441086
-0.411495
-0.382541
-0.353482
-0.324337
-0.295422
-0.266899
-0.238534
-0.209931
-0.180704
-0.150500
-0.119159
-0.086899
-0.054192
-0.021444
0.011128
0.043180
0.074066
0.103793
0.132945
0.161430
0.188831
0.215262
0.240690
0.264893
0.288492
0.312157
0.335624
0.358680
0.381727
0.405232
0.429241
0.453311
0.476990
0.500088
0.522639
0.544644
0.565894
0.586421
0.606566
0.626493
0.646374
0.666616
0.687119
0.707274
0.727040
0.746778
0.766230
0.784185
0.799519
0.813359
0.828320
0.846208
0.866579
0.887415
0.908199
0.929448
0.950985
0.972629
0.994315
1.015337
1.035228
1.054767
1.074095
1.091874
1.107746
1.122326
1.135556
1.147372
1.158251
1.168385
1.177613
1.186319
1.195910
1.208009
1.221275
1.231919
1.237788
1.239857
1.240844
1.241627
1.241440
1.240218
1.238145
1.235103
1.230911
1.225490
1.218925
1.211564
1.203918
1.196081
1.187622
1.178156
1.167781
1.156823
1.144868
1.131635
1.118106
1.104424
1.089342
1.073315
1.057679
1.041729
1.024362
1.005834
0.986531
0.966250
0.944529
0.920938
0.895447
0.868853
0.841912
0.814186
0.785324
0.756060
0.726795
0.697610
0.669293
0.642095
0.615077
0.588096
0.561928
0.536649
0.512019
0.488096
0.464936
0.442468
0.420603
0.399040
0.377306
0.355594
0.334513
0.313857
0.292996
0.271707
0.250189
0.228956
0.208560
0.189097
0.170134
0.151564
0.133567
0.115748
0.098028
0.081341
0.065779
0.050125
0.033381
0.013845
-0.010665
-0.037266
-0.059224
-0.076204
-0.092647
-0.110159
-0.128298
-0.146671
-0.164941
-0.182886
-0.200928
-0.219091
-0.236585
-0.253294
-0.269654
-0.285490
-0.300545
-0.314857
-0.328283
-0.340760
-0.352824
-0.364997
-0.377151
-0.388778
-0.398832
-0.405992
-0.410621
-0.415592
-0.423006
-0.432477
-0.442562
-0.452292
-0.461885
-0.471595
-0.481258
-0.490828
-0.500501
-0.510509
-0.520887
-0.531286
-0.541142
-0.550448
-0.560248
-0.571100
-0.582298
-0.593286
-0.604090
-0.615144
-0.627307
-0.641312
-0.656203
-0.670240
-0.683300
-0.695879
-0.708023
-0.720102
-0.732553
-0.745054
-0.757457
-0.770350
-0.783639
-0.797012
-0.811421
-0.827417
-0.843963
-0.860545
-0.877475
-0.894397
-0.911064
-0.928040
-0.945446
-0.962756
-0.979997
-0.997225
-1.013692
-1.028945
-1.042937
-1.054902
-1.064039
-1.070692
-1.075350
-1.077892
-1.078425
-1.076984
-1.073019
-1.066761
-1.059611
-1.051824
-1.042799
-1.032895
-1.022237
-1.009887
-0.995613
-0.980052
-0.963219
-0.945069
-0.926147
-0.906689
-0.886864
-0.868070
-0.851740
-0.837467
-0.822935
-0.805509
-0.785346
-0.764455
-0.743363
-0.720765
-0.695231
-0.668419
-0.642936
-0.617822
-0.591302
-0.563818
-0.536300
-0.508754
-0.480330
-0.450344
-0.419102
-0.387214
-0.354893
-0.321804
-0.287996
-0.254423
-0.220678
-0.184528
-0.145864
-0.107211
-0.070596
-0.036525
-0.004453
0.026112
0.055466
0.084345
0.113323
0.142259
0.170220
0.196207
0.220941
0.245535
0.269324
0.291945
0.314508
0.337228
0.359317
0.380578
0.401042
0.420481
0.438868
0.456437
0.473191
0.488765
0.502750
0.515474
0.527614
0.538732
0.548405
0.557793
0.567364
0.575713
0.582027
0.586848
0.591230
0.596089
0.601722
0.607825
0.613879
0.619786
0.625878
0.632625
0.640179
0.648557
0.658174
0.668629
0.677868
0.685159
0.692049
0.698973
0.705080
0.710070
0.714065
0.717008
0.718530
0.718164
0.715961
0.712690
0.709334
0.706022
0.702211
0.698205
0.694474
0.690445
0.685706
0.680791
0.676134
0.671352
0.665275
0.657230
0.647475
0.635417
0.619965
0.601712
0.582755
0.565289
0.549497
0.534206
0.519427
0.505226
0.490738
0.475958
0.462191
0.449540
0.437259
0.425771
0.415680
0.406803
0.398965
0.392078
0.385463
0.378340
0.370470
0.362200
0.354273
0.347319
0.341824
0.337787
0.333554
0.326008
0.314198
0.299663
0.283545
0.266192
0.247293
0.226557
0.204200
0.180881
0.157074
0.132698
0.107673
0.082522
0.058411
0.035892
0.013922
-0.008004
-0.028824
-0.048267
-0.066938
-0.084694
-0.101014
-0.115845
-0.129573
-0.142734
-0.155645
-0.168642
-0.182297
-0.196663
-0.211124
-0.225328
-0.239391
-0.253621
-0.268503
-0.284334
-0.300412
-0.315684
-0.330568
-0.345961
-0.361809
-0.378031
-0.394794
-0.411747
-0.428359
-0.444678
-0.460663
-0.475753
-0.489930
-0.503753
-0.517276
-0.530146
-0.541999
-0.552491
-0.561612
-0.570056
-0.578286
-0.585661
-0.592374
-0.599971
-0.608208
-0.615706
-0.622838
-0.630228
-0.637336
-0.643990
-0.650747
-0.657692
-0.664420
-0.670531
-0.675847
-0.680626
-0.685612
-0.691136
-0.696108
-0.699462
-0.701419
-0.702508
-0.702918
-0.702736
-0.702229
-0.701493
-0.700084
-0.698140
-0.696558
-0.694979
-0.692312
-0.688692
-0.684619
-0.679973
-0.674659
-0.668658
-0.661533
-0.653088
-0.643906
-0.634356
-0.623948
-0.611722
-0.597122
-0.580946
-0.564793
-0.550307
-0.537932
-0.526761
-0.515839
-0.504606
-0.493141
-0.481823
-0.470893
-0.460178
-0.449562
-0.439386
-0.429921
-0.421221
-0.413307
-0.406187
-0.399905
-0.394310
-0.388866
-0.383057
-0.376973
-0.371031
-0.365291
-0.359363
-0.353023
-0.346449
-0.339708
-0.332724
-0.325507
-0.318023
-0.310159
-0.302042
-0.293828
-0.285153
-0.275762
-0.266068
-0.256342
-0.246447
-0.236403
-0.226356
-0.216316
-0.206368
-0.196679
-0.187003
-0.177160
-0.167720
-0.158877
-0.149778
-0.140112
-0.130462
-0.121167
-0.112158
-0.103189
-0.094140
-0.085141
-0.076424
-0.067945
-0.059304
-0.050534
-0.041993
-0.033345
-0.024203
-0.015148
-0.006586
0.001913
0.010543
0.019157
0.027714
0.036066
0.043918
0.051440
0.059082
0.066576
0.073041
0.077722
0.080960
0.084107
0.087930
0.092248
0.096590
0.100635
0.104196
0.107021
0.109090
0.110826
0.112390
0.113496
0.114385
0.115546
0.116870
0.118201
0.119846
0.121985
0.124560
0.127631
0.131116
0.134722
0.138589
0.143368
0.149426
0.156258
0.162500
0.167397
0.171429
0.175273
0.179312
0.183481
0.187640
0.191910
0.196435
0.201234
0.206246
0.211375
0.216558
0.221835
0.227239
0.232606
0.237770
0.242721
0.247438
0.251854
0.255971
0.259706
0.262815
0.265324
0.267494
0.269218
0.270218
0.270562
0.270464
0.269922
0.268627
0.266437
0.263847
0.261211
0.258347
0.255188
0.251863
0.248409
0.244733
0.240729
0.236486
0.232238
0.228066
0.223925
0.219797
0.215697
0.211646
0.207653
0.203701
0.199745
0.195744
0.191667
0.187481
0.183191
0.178846
0.174454
0.169956
0.165333
0.160616
0.155830
0.150997
0.146168
0.141383
0.136612
0.131736
0.126707
0.121648
0.116690
0.111912
0.107370
0.103079
0.098948
0.094671
0.089969
0.085128
0.080682
0.076814
0.073341
0.069936
0.066508
0.063126
0.059774
0.056386
0.052913
0.049407
0.045967
0.042617
0.039363
0.036226
0.033162
0.030147
0.027308
0.024712
0.022236
0.019820
0.017530
0.015437
0.013650
0.012268
0.011138
0.009932
0.008567
0.007165
0.005830
0.004606
0.003497
0.002508
0.001640
0.000883
0.000247
-0.000230
-0.000515
-0.000622
-0.000617
-0.000499
-0.000188
0.000300
0.000886
0.001566
0.002332
0.003124
0.003942
0.004831
0.005760
0.006692
0.007645
0.008620
0.009597
0.010582
0.011584
0.012581
0.013557
0.014516
0.015456
0.016370
0.017255
0.018110
0.018937
0.019752
0.020555
0.021327
0.022062
0.022783
0.023484
0.024145
0.024765
0.025357
0.025927
0.026475
0.026997
0.027507
0.028013
0.028512
0.028997
0.029463
0.029908
0.030336
0.030756
0.031162
0.031541
0.031901
0.032253
0.032594
0.032918
0.033221
0.033505
0.033769
0.034015
0.034235
0.034420
0.034572
0.034696
0.034779
0.034820
0.034835
0.034836
0.034827
0.034802
0.034758
0.034690
0.034601
0.034494
0.034369
0.034225
0.034064
0.033885
0.033687
0.033473
0.033242
0.032994
0.032729
0.032451
0.032156
0.031844
0.031517
0.031176
0.030821
0.030453
0.030072
0.029677
0.029267
0.028839
0.028396
0.027938
0.027468
0.026987
0.026493
0.025986
0.025467
0.024935
0.024391
0.023834
0.023264
0.022682
0.022086
0.021478
0.020857
0.020223
0.019575
0.018915
0.018241
0.017554
0.016853
0.016139
0.015411
0.014669
0.013913
0.013143
0.012359
0.011561
0.010748
0.009922
0.009080
0.008225
0.007355
0.006470
0.005571
0.004657
0.003729
0.002785
0.001827
0.000855
-0.000133
