0.000000
0.185163
0.370816
0.557672
0.744263
0.927861
1.111293
1.297851
1.480248
1.652400
1.824196
2.002480
2.174369
2.331361
2.484765
2.641687
2.797026
2.950935
3.108559
3.268009
3.417547
3.546517
3.666557
3.809530
3.979924
4.144237
4.280146
4.396169
4.507929
4.628905
4.751789
4.849554
4.945617
5.062087
5.127702
5.144645
5.207894
5.254071
5.199006
5.160898
5.239212
5.376687
5.492960
5.574306
5.679191
5.844718
6.020344
6.158733
6.251335
6.216987
5.976115
5.703646
5.617102
5.583017
5.453409
5.452341
5.703688
5.842955
5.659562
5.521557
5.567512
5.413910
4.994411
4.676132
4.529433
4.324933
4.112595
4.057173
4.007449
3.880198
3.817883
3.856368
3.958424
3.977376
3.738495
3.340167
3.045202
2.931585
2.940563
3.040157
3.105435
3.055675
3.053907
3.140726
3.103049
2.969060
2.901550
2.849523
2.813261
2.747699
2.427188
2.061622
2.025515
2.064707
1.842550
1.457767
1.144573
1.046429
1.055790
0.977261
0.832174
0.675389
0.449673
0.244486
0.266054
0.342876
0.139879
-0.235813
-0.501578
-0.631992
-0.701840
-0.755911
-0.773418
-0.757715
-0.907348
-1.317216
-1.729987
-1.820413
-1.653722
-1.551242
-1.625591
-1.797066
-2.032601
-2.361152
-2.631609
-2.666103
-2.732549
-3.085446
-3.558199
-4.097169
-4.678866
-4.870370
-4.465418
-4.152259
-4.583761
-5.210082
-5.199092
-4.605367
-3.966268
-3.835467
-4.289340
-4.634227
-4.353689
-3.895500
-3.711797
-3.674434
-3.895140
-4.526270
-5.088690
-5.193334
-5.067739
-4.865887
-4.482329
-4.075054
-4.011931
-4.152567
-3.968190
-3.554175
-3.390646
-3.570890
-3.988256
-4.482201
-4.845226
-4.999146
-4.761403
-4.082289
-3.743126
-4.186863
-4.486123
-4.064321
-3.410375
-2.883709
-2.576012
-2.639996
-3.011991
-3.305981
-3.258390
-2.795986
-2.139893
-1.919727
-2.374363
-2.882774
-2.913935
-2.617570
-2.118455
-1.667667
-1.774133
-2.215060
-2.202835
-1.682172
-1.340641
-1.438060
-1.679480
-1.893777
-1.888131
-1.579487
-1.549887
-2.129916
-2.696147
-2.841767
-2.857484
-2.924402
-2.952800
-2.835702
-2.603696
-2.418775
-2.216505
-1.934497
-1.839168
-2.040708
-2.549143
-3.443020
-4.318739
-4.569660
-4.294022
-3.921559
-3.446551
-2.677124
-1.444332
0.500898
3.208328
6.133443
8.646741
10.974820
13.572510
16.283020
18.955020
21.684830
24.397740
27.076200
29.813580
32.541060
35.135860
37.350020
38.817710
39.266300
38.531670
36.599760
33.534860
29.324280
23.999100
17.739690
10.995230
4.522288
-1.107700
-5.986151
-10.780610
-16.055040
-21.488170
-26.131170
-29.536890
-31.951330
-33.812310
-35.507320
-37.394220
-39.332840
-39.296490
-35.326150
-30.273100
-28.157040
-25.888700
-20.188910
-14.112590
-9.198477
-4.004900
1.656891
7.103296
11.876220
15.450930
17.508650
18.375770
18.679250
18.639360
18.044140
16.837010
15.273240
13.758320
13.050130
13.459260
13.489640
12.599920
12.194150
11.495430
9.493765
7.991709
7.674232
6.902946
4.838751
1.947437
-1.021714
-3.295643
-4.657794
-5.949007
-7.748405
-9.531789
-11.062990
-12.664640
-14.600950
-17.314260
-20.449900
-22.155930
-21.462430
-19.705920
-18.643050
-18.126260
-16.733070
-14.227040
-11.855030
-10.509150
-9.833831
-9.322807
-8.901137
-8.448082
-7.933552
-7.491741
-6.787451
-5.359547
-3.401207
-1.717038
-1.106994
-1.278187
-0.650961
1.712054
4.745337
6.832167
7.939449
8.790850
8.725314
6.985215
4.495866
2.138724
-0.392658
-2.860643
-4.354395
-5.019254
-5.947463
-7.382848
-8.346689
-8.128424
-7.124879
-6.436301
-6.646997
-7.215879
-7.513030
-7.499285
-7.016387
-5.653479
-4.064640
-3.232319
-2.722039
-1.778433
-0.675501
-0.023363
0.306203
0.795877
1.333246
1.897379
2.687414
3.230441
3.406887
3.711319
4.173500
4.711200
4.977230
4.145535
2.287301
0.213740
-1.828736
-3.586915
-4.680331
-6.113967
-8.905529
-12.363570
-16.043160
-20.005390
-23.450570
-25.720360
-26.402540
-25.081650
-22.536500
-20.212080
-18.786870
-18.155770
-17.644120
-16.468140
-14.888210
-13.769750
-12.961150
-12.240610
-12.500510
-13.664150
-14.697050
-15.159930
-14.986280
-14.618870
-14.838520
-15.424380
-15.099550
-13.830660
-13.044580
-12.872050
-11.707530
-8.800335
-5.063426
-1.525251
2.072731
6.980500
12.790410
16.674460
17.519720
18.073010
20.931300
25.590060
30.150590
33.628790
35.566930
34.590460
29.803680
23.182240
17.224300
11.430430
5.430548
0.974388
-1.528949
-3.472751
-5.768457
-8.212482
-10.973060
-14.794300
-18.259210
-20.883830
-24.691610
-28.790080
-31.799640
-35.065690
-38.558620
-40.560360
-40.414430
-38.781760
-36.929580
-35.176730
-33.332460
-31.630270
-29.509200
-25.984270
-20.494530
-13.737890
-7.915018
-3.985764
-0.563337
3.449769
7.636868
11.994820
17.279390
23.087580
27.341690
29.474260
31.390800
32.971460
32.536400
30.941170
30.019010
29.558250
28.559210
27.258690
26.021210
24.368870
21.894820
19.306890
16.834710
13.271180
8.287762
3.781249
2.329746
3.483822
3.824942
0.054978
-7.041462
-11.236100
-8.629185
-3.044558
-1.058394
-4.279138
-7.603702
-6.512309
-1.985474
3.786732
11.165660
20.473250
28.853460
33.168370
34.691670
36.685490
40.372880
45.467860
48.127890
42.795430
31.185550
22.079990
21.941050
30.342550
41.247900
47.979270
49.223200
47.022990
41.297910
32.317600
24.554230
22.050500
24.738040
30.779970
37.387270
40.956940
38.793830
30.297110
18.327490
8.477378
3.692740
2.945769
4.387732
4.958167
2.477351
0.901572
6.219195
18.903680
35.074460
50.785470
64.051720
73.780760
79.448240
82.563730
83.261640
78.975380
70.524380
63.763190
61.988730
62.243540
61.773730
61.250060
60.432360
55.686970
44.624240
29.528080
16.054960
10.017130
8.596932
4.559931
-0.355915
-1.626718
-1.735978
-4.829282
-9.660680
-12.994350
-16.827540
-24.531000
-33.152100
-39.023020
-44.426610
-53.243630
-64.877610
-73.205900
-73.332130
-68.621810
-66.505620
-69.973200
-76.364530
-83.093540
-89.567620
-94.379080
-97.292790
-98.797140
-96.706580
-90.489210
-82.842740
-74.206050
-63.143820
-50.718120
-40.909070
-37.255410
-39.173000
-44.440780
-51.829440
-59.633260
-67.178790
-73.312710
-73.504190
-66.558560
-56.862170
-47.284030
-40.602510
-41.058780
-48.395110
-57.799180
-66.861540
-74.511950
-76.331750
-71.010540
-61.046700
-49.733600
-41.733210
-37.138860
-32.415110
-27.222030
-23.266100
-21.137210
-20.260500
-19.026360
-15.749200
-10.210970
-3.645954
1.792358
4.410369
5.510985
8.353722
13.815830
20.522830
27.400610
32.865050
35.518500
35.717420
32.552960
23.898710
10.409730
-3.698793
-11.959260
-11.753780
-7.647522
-5.091614
-5.900019
-9.325546
-14.828140
-21.871330
-27.614250
-29.134380
-26.660970
-21.808060
-15.536560
-9.300459
-4.844862
-2.591838
-1.363572
1.052988
4.998834
7.708971
7.946073
8.532421
12.377600
19.083050
26.946190
34.940140
41.312580
43.909410
41.897230
35.502330
26.019440
16.021760
8.460169
5.733186
8.588836
13.946040
16.304210
14.313630
10.639480
5.702016
-1.225388
-8.603999
-15.642390
-20.362060
-16.902330
-7.083417
-1.332290
-3.060484
-7.357727
-11.010460
-14.383960
-16.731130
-15.565680
-11.180190
-6.992976
-5.910900
-9.107375
-15.259530
-21.510660
-25.171930
-24.147690
-18.693400
-11.307710
-3.954725
2.981477
9.991648
15.723180
16.713650
13.677480
12.511830
15.942560
20.759030
22.685350
20.771250
16.849130
11.748740
6.930283
6.493291
10.850980
15.026450
17.239380
20.018400
23.174640
23.941170
22.403790
21.244720
20.915630
19.065210
14.710810
9.559159
5.701683
4.329382
6.461750
12.558830
21.038490
29.181020
34.453980
35.799450
35.151620
34.933800
35.500550
36.150250
35.855120
34.492940
33.169090
31.668610
28.830130
25.767630
25.442560
28.676820
32.875590
34.523230
33.184090
32.486700
34.052810
35.323690
35.466950
35.949760
35.661900
32.798300
28.496680
24.043760
18.848960
12.973200
8.144553
4.705025
1.505956
-0.313419
1.586454
6.401568
10.655420
12.218170
11.071420
8.096338
6.331452
8.032173
11.556070
15.289780
18.974940
21.642530
22.725300
23.531820
25.360410
27.730200
29.202990
28.794120
26.534320
23.332190
20.739070
19.551110
18.744680
18.070460
18.855280
21.379570
24.930410
28.817320
32.337610
34.977890
36.033410
34.708620
31.324240
28.146650
27.989520
30.385490
31.485690
29.773920
28.151260
28.499630
29.401260
30.443810
32.964650
36.608640
39.902020
42.721470
45.265680
46.499990
45.444490
42.056070
36.714240
30.458380
24.236870
19.109130
16.397150
14.721320
12.063770
9.706188
8.905365
8.762945
8.810592
8.838151
7.764030
5.935183
4.857192
3.987423
3.127913
3.466559
3.036586
-0.220351
-4.099667
-6.102976
-6.099789
-5.655617
-6.370503
-7.501720
-8.153424
-8.969930
-9.571087
-8.958083
-6.695078
-2.637117
1.904673
4.990320
6.466886
7.032853
6.519383
4.461785
1.091119
-2.436377
-4.858772
-6.346820
-7.886120
-9.608715
-11.216560
-13.274530
-16.440920
-19.957430
-23.027200
-26.225240
-29.642260
-32.346940
-34.249360
-36.085200
-38.134160
-40.165940
-42.267740
-43.881270
-44.130930
-43.488380
-42.119030
-39.540100
-36.502520
-34.392700
-33.740870
-33.659250
-32.698680
-31.253230
-30.821280
-31.612870
-32.894830
-33.450590
-32.414090
-30.475690
-28.689190
-26.920040
-25.400920
-25.538870
-27.608570
-30.147320
-31.919350
-33.904180
-37.028570
-38.833080
-37.421570
-35.184620
-34.336990
-33.469200
-31.054800
-28.175690
-26.825370
-27.420050
-28.890520
-31.356760
-35.659930
-40.287350
-42.767370
-42.725480
-41.969550
-42.333900
-43.157410
-42.387550
-40.170650
-38.627990
-38.407860
-38.588450
-38.320410
-37.336590
-36.702550
-36.813040
-36.119100
-34.394670
-33.258520
-33.471580
-34.405330
-35.674590
-38.147010
-42.311520
-46.547350
-48.866590
-49.505180
-49.118630
-47.498990
-45.512490
-43.952790
-42.021310
-38.921480
-34.955310
-30.819330
-26.751120
-22.497520
-18.045130
-14.256280
-11.563970
-9.025827
-6.530624
-5.308887
-5.259329
-4.761644
-3.310332
-1.505381
0.846543
4.136421
7.899203
11.369330
14.068640
16.110950
17.889440
19.255470
20.031890
20.200860
18.933710
15.993890
12.766540
9.949756
7.214334
5.018128
3.257397
0.682923
-1.888156
-2.597152
-2.598190
-3.992471
-5.805403
-5.819634
-4.140900
-3.005135
-3.387247
-3.232035
-1.386740
-0.182120
-0.910650
-0.989247
0.971633
2.717275
3.698934
6.006419
9.403575
11.319000
11.282930
10.609150
9.191050
6.867859
5.525802
6.228741
6.775644
5.821715
5.496387
6.481185
6.416296
5.234229
5.213786
6.928120
9.570480
12.160060
13.690320
14.109140
13.689110
12.361660
11.559980
12.683320
14.555200
16.630620
20.139790
24.063680
26.496950
28.620940
32.036690
35.945410
39.196200
41.592910
43.714480
45.784070
45.309490
40.165570
33.619170
29.986490
29.020430
29.337450
30.648310
31.684270
32.267300
34.038330
36.298820
36.969040
36.654520
36.656730
36.273110
35.335700
34.689020
33.597090
31.314040
28.521030
25.406310
22.100390
20.426940
21.192650
21.807260
20.418830
18.378090
16.826010
15.919740
16.099620
16.841630
16.620150
15.022130
13.829310
14.493750
15.158470
13.530790
10.771460
8.584364
6.587023
4.831766
4.249848
5.146704
6.602825
7.033638
6.831267
7.453631
8.487493
9.571772
11.672110
14.822920
17.483010
18.385270
17.205510
14.292820
11.348270
9.649129
8.391130
7.155406
6.628998
6.150975
4.192238
1.397251
-0.769795
-2.947775
-5.819971
-8.404873
-9.709329
-9.266269
-6.907312
-3.423338
-0.626015
0.444274
0.782678
0.838663
-0.774788
-2.867013
-1.857713
1.376100
3.817033
5.929419
8.263265
9.287330
8.170041
6.174823
5.008842
4.852754
5.391760
6.716865
8.700427
11.313640
13.847850
14.875720
14.637150
14.293790
14.216480
14.747560
15.667210
16.082550
16.245660
16.893820
17.486430
17.451080
17.319200
17.649090
18.284980
18.747860
18.625970
17.593900
15.607760
13.406110
11.587960
9.328590
6.466125
4.749725
4.242001
2.484486
-1.091859
-4.739734
-7.650775
-9.972515
-11.921160
-13.511810
-14.113330
-13.611000
-12.789070
-11.742170
-10.204410
-8.748724
-7.914937
-7.511632
-7.160236
-7.260946
-9.091153
-12.489170
-15.305890
-16.106260
-15.689550
-15.447340
-15.701870
-16.456100
-17.518260
-18.393400
-18.960190
-19.469440
-20.494780
-22.106570
-23.199370
-23.036390
-22.164960
-21.416160
-20.970800
-20.464610
-19.768390
-18.782910
-17.112000
-14.952780
-13.419740
-13.232140
-13.906350
-14.877790
-16.477700
-19.130300
-22.246190
-24.545050
-25.359740
-25.226670
-25.216570
-26.022620
-27.567770
-29.603650
-31.997280
-34.004550
-34.992600
-35.199100
-34.662350
-33.334190
-32.034120
-31.234660
-29.992130
-27.874940
-25.634020
-23.422290
-21.099590
-19.126540
-17.535490
-15.537630
-13.068810
-11.182150
-10.059480
-8.516836
-6.225621
-4.564125
-4.010334
-2.992185
-0.852453
1.114934
2.276315
3.449893
5.119509
6.875041
8.413398
9.838163
11.092030
11.899610
12.381320
13.024790
13.780210
14.045850
13.809380
13.431190
12.602330
10.880710
8.560678
6.470089
5.244474
4.531104
3.240012
1.222431
-0.823891
-3.212421
-6.414680
-9.477344
-11.131950
-11.112970
-10.377140
-10.210340
-10.617740
-10.784950
-10.428080
-9.600176
-8.462027
-7.482144
-7.241269
-7.806012
-8.641463
-9.497001
-10.413250
-10.866120
-10.245950
-8.895767
-7.784836
-7.227540
-6.743395
-5.961457
-4.921914
-3.791146
-2.448868
-0.676459
1.232134
2.779354
3.961201
4.948702
5.488090
5.308568
4.857280
5.008812
5.994106
7.366214
8.610681
9.191029
9.296196
9.838862
10.796800
11.419870
11.836250
12.605800
13.525540
14.404940
15.666000
17.414210
19.133540
20.341650
21.324670
22.905960
25.146540
27.094250
27.874290
27.081510
24.784690
21.732170
18.996150
17.236220
16.561270
16.641350
16.672870
16.053050
14.998080
13.862470
12.623940
11.483790
10.812310
10.557930
10.248880
9.363391
7.703345
5.309655
2.266556
-0.924303
-3.453505
-5.134294
-6.171777
-6.665909
-6.795272
-6.489054
-5.510350
-3.941694
-2.090575
-0.271140
1.184626
1.824546
1.277129
-0.034558
-0.995264
-1.250079
-1.011163
0.056808
1.703258
2.870717
3.285514
3.295371
2.739585
1.234742
-0.715433
-2.091071
-2.925490
-3.582117
-3.444117
-2.178090
-0.520632
0.953151
2.276873
3.530238
4.617784
5.246372
5.413269
5.405893
5.086394
4.161252
2.905166
1.904812
1.351628
1.121302
1.467594
2.685236
4.072447
4.579727
4.114817
3.298051
2.701972
2.579523
2.927119
3.708086
4.854376
6.119074
7.144181
7.586701
7.085089
5.495928
3.319001
1.372632
-0.037327
-1.127032
-1.781339
-1.551814
-0.771583
-0.560892
-1.570405
-3.319815
-4.775585
-5.262172
-4.704051
-3.491901
-2.309580
-1.715928
-1.696593
-2.011030
-2.463044
-2.636697
-2.448401
-2.474135
-2.857433
-3.032096
-3.075326
-3.682598
-4.815673
-5.952801
-6.947016
-7.508180
-7.390693
-7.277199
-7.696575
-8.264873
-8.612140
-8.503411
-7.794867
-6.907955
-6.311290
-5.973708
-5.722868
-5.594074
-5.586566
-5.251369
-4.390003
-3.602704
-3.195518
-2.864919
-2.392224
-1.475343
0.207133
2.301629
3.820099
4.090642
3.379197
2.554376
2.184804
2.235573
2.666671
3.426041
4.193022
4.929622
5.799042
6.427978
6.280788
5.537867
4.814306
4.192564
3.490336
2.754347
1.959095
1.368301
1.513454
2.362163
3.435846
4.257587
4.431651
4.017957
3.555263
3.437307
3.814902
4.786356
6.000325
6.533116
5.883082
4.626832
3.560607
2.698560
1.460882
-0.225590
-1.815463
-3.197142
-4.507001
-5.518928
-5.983165
-5.947634
-5.778541
-5.720198
-5.759302
-6.155902
-7.224200
-8.691721
-9.970333
-10.683380
-10.586900
-9.732530
-8.952325
-8.922203
-9.165563
-9.336199
-10.002760
-11.212150
-11.903800
-11.740650
-11.621330
-11.545390
-10.654490
-9.302817
-8.657223
-8.811845
-9.058738
-9.277332
-9.744532
-10.304290
-10.684870
-11.054220
-11.535940
-11.785950
-11.557450
-10.927420
-9.889019
-8.639559
-7.629398
-6.852036
-6.189925
-5.796404
-5.596026
-5.506092
-5.597661
-5.556971
-5.055911
-4.461063
-4.279148
-4.601885
-5.458602
-6.793455
-8.067108
-8.663150
-8.483963
-7.882605
-7.252467
-6.773032
-6.412145
-6.105140
-5.982496
-6.164703
-6.426240
-6.485104
-6.517546
-6.754511
-6.786629
-6.159739
-5.211577
-4.469161
-3.858590
-3.092701
-2.323109
-1.783187
-1.247332
-0.532324
0.119004
0.531942
0.945169
1.654774
2.592253
3.395423
3.932682
4.476917
5.140452
5.837653
6.739679
7.970705
9.302097
10.544720
11.671130
12.515340
12.908980
13.071460
13.394960
13.853510
14.113170
14.152140
14.151540
14.060920
13.787970
13.334700
12.644740
11.698170
10.644580
9.673704
8.788278
7.930341
7.174695
6.545034
5.960420
5.423656
5.021573
4.780639
4.618380
4.487259
4.485336
4.696164
5.007674
5.189923
5.214873
5.280878
5.416532
5.421948
5.207582
4.927817
4.731136
4.536476
4.265598
4.019102
3.802131
3.494537
3.115131
2.810354
2.621208
2.441582
2.207282
1.965229
1.755077
1.541611
1.308067
1.103962
0.947035
0.800299
0.644500
0.487623
0.340275
0.215729
0.122450
0.054042
-0.002422
-0.058533
-0.120874
-0.188745
-0.258078
-0.325323
-0.387767
-0.441651
-0.482760
-0.510262
-0.527851
-0.540014
-0.548034
-0.551524
-0.550635
-0.545261
-0.535495
-0.521748
-0.504122
-0.482529
-0.457030
-0.427941
-0.395606
-0.360287
-0.322259
-0.281773
-0.239026
-0.194209
-0.147530
-0.099214
-0.049499
0.001368
