0.000000
0.004082
0.008139
0.012171
0.016176
0.020156
0.024112
0.028039
0.031929
0.035776
0.039572
0.043307
0.047012
0.050753
0.054572
0.058390
0.062088
0.065681
0.069183
0.072507
0.075543
0.078449
0.081563
0.085043
0.088719
0.092385
0.096033
0.099728
0.103618
0.107794
0.111577
0.113949
0.114700
0.115139
0.116803
0.120194
0.125177
0.129894
0.132390
0.132901
0.133622
0.136675
0.142658
0.150050
0.156033
0.159409
0.162321
0.167864
0.172065
0.169978
0.166322
0.166253
0.168646
0.169599
0.166089
0.156925
0.141928
0.127202
0.119413
0.119802
0.129558
0.146229
0.164002
0.178555
0.184168
0.179798
0.177378
0.188573
0.213192
0.231977
0.226046
0.208864
0.200768
0.206108
0.219508
0.231045
0.235041
0.230214
0.223297
0.224997
0.235695
0.244628
0.242193
0.236799
0.253470
0.286984
0.310238
0.319649
0.315643
0.302041
0.288032
0.283804
0.307788
0.344602
0.347653
0.340165
0.373543
0.448475
0.519844
0.536106
0.486383
0.392208
0.308816
0.272564
0.285178
0.347060
0.434033
0.513543
0.570013
0.592978
0.578974
0.543709
0.514901
0.504910
0.513796
0.542442
0.593043
0.666957
0.743287
0.786782
0.782821
0.727460
0.622288
0.511985
0.441686
0.402692
0.366649
0.319167
0.282137
0.282875
0.325316
0.394771
0.453647
0.473560
0.450091
0.418931
0.444612
0.532918
0.628013
0.697033
0.746886
0.783991
0.809184
0.825141
0.831608
0.827934
0.828737
0.859762
0.936737
1.061274
1.181422
1.235924
1.215165
1.113702
0.960826
0.841674
0.808371
0.867995
1.027068
1.221708
1.346695
1.364167
1.295183
1.209651
1.173071
1.202572
1.275936
1.329402
1.320096
1.262675
1.185606
1.114095
1.076346
1.100084
1.197897
1.325362
1.414886
1.443797
1.408612
1.324267
1.245141
1.223405
1.268204
1.332501
1.357091
1.350592
1.353794
1.376952
1.416057
1.470404
1.541385
1.620928
1.687955
1.729130
1.748968
1.756073
1.751523
1.723678
1.674602
1.638855
1.641695
1.684276
1.737001
1.756137
1.724805
1.638853
1.522527
1.445722
1.457801
1.564179
1.714537
1.822559
1.860765
1.900321
1.979792
2.007800
1.915775
1.751862
1.639452
1.655735
1.721926
1.712588
1.588411
1.420596
1.314355
1.304359
1.372150
1.488200
1.600171
1.662130
1.675779
1.655393
1.570336
1.410899
1.279960
1.261061
1.361147
1.529688
1.636786
1.646488
1.632075
1.615550
1.582038
1.518956
1.461698
1.459452
1.463095
1.399440
1.281130
1.225166
1.323123
1.468957
1.504468
1.373267
1.062812
0.709358
0.549377
0.668692
0.902390
1.000106
0.912149
0.788253
0.750870
0.803305
0.877213
0.863054
0.718139
0.521417
0.388145
0.367607
0.465193
0.558546
0.500700
0.310658
0.122051
0.040819
0.029917
0.006506
-0.070014
-0.205762
-0.361639
-0.468296
-0.502165
-0.524903
-0.598579
-0.726647
-0.910861
-1.127487
-1.344933
-1.584409
-1.875831
-2.224479
-2.639793
-3.127402
-3.574142
-3.851454
-3.949639
-3.845302
-3.522564
-3.233634
-3.249485
-3.500099
-3.864113
-4.295105
-4.727141
-5.126765
-5.545557
-6.023221
-6.444422
-6.680938
-6.728776
-6.666682
-6.607066
-6.594517
-6.619175
-6.624208
-6.550015
-6.382940
-6.202607
-6.194342
-6.403188
-6.566551
-6.449742
-6.046919
-5.517266
-5.071707
-4.769225
-4.530197
-4.228962
-3.819927
-3.422173
-3.167835
-3.031616
-2.856249
-2.508767
-2.022708
-1.534853
-1.138144
-0.823109
-0.579528
-0.414290
-0.327412
-0.321387
-0.359628
-0.362853
-0.282743
-0.137029
-0.002810
0.064856
0.146541
0.354775
0.725101
1.199072
1.552300
1.609113
1.449229
1.245001
1.085749
0.978395
0.865690
0.663226
0.346140
-0.057101
-0.490408
-0.920885
-1.355768
-1.810173
-2.295313
-2.717984
-2.860628
-2.612387
-2.127962
-1.569417
-0.999275
-0.509623
-0.141521
0.131954
0.409579
0.767699
1.145842
1.461442
1.719647
1.987535
2.313619
2.699539
3.116644
3.529164
3.931789
4.323158
4.650262
4.860107
4.945234
4.902229
4.798299
4.726988
4.674385
4.595572
4.485419
4.343643
4.169361
3.963872
3.697163
3.340735
2.979494
2.728598
2.618200
2.650551
2.768606
2.903944
3.053525
3.215986
3.386797
3.570816
3.749472
3.849230
3.810225
3.655438
3.473940
3.331533
3.213230
3.091902
3.004238
3.011133
3.122698
3.339520
3.676714
4.089282
4.406444
4.504875
4.430703
4.236253
4.002130
3.851921
3.825579
3.891580
3.936786
3.859951
3.654533
3.447853
3.388822
3.473211
3.557792
3.516027
3.402706
3.298770
3.215239
3.120670
2.968480
2.781688
2.665774
2.646631
2.650150
2.710014
2.890087
3.090548
3.179155
3.191129
3.242543
3.363452
3.426402
3.304879
2.998567
2.590174
2.161918
1.718158
1.256017
0.797778
0.400730
0.108597
-0.078277
-0.157295
-0.122975
0.011464
0.199497
0.412061
0.643486
0.825801
0.891539
0.841095
0.676023
0.384129
-0.038595
-0.498106
-0.859163
-1.090560
-1.272734
-1.478233
-1.666022
-1.846325
-2.098000
-2.441937
-2.868939
-3.314652
-3.713844
-4.060565
-4.350323
-4.624505
-4.964977
-5.408077
-5.958050
-6.606020
-7.307224
-8.024535
-8.758047
-9.510691
-10.259630
-10.933010
-11.477250
-11.886980
-12.163620
-12.359890
-12.532990
-12.686190
-12.817350
-12.927670
-13.056030
-13.268700
-13.593730
-14.043580
-14.611150
-15.155110
-15.534820
-15.748010
-15.794460
-15.654050
-15.335120
-14.955040
-14.629190
-14.342590
-14.050990
-13.730790
-13.378030
-13.021080
-12.712490
-12.478670
-12.322190
-12.228480
-12.171080
-12.170900
-12.266120
-12.461340
-12.758830
-13.151000
-13.595420
-14.059490
-14.548900
-15.056230
-15.495490
-15.784830
-15.922430
-15.909450
-15.734700
-15.393680
-14.956130
-14.546340
-14.218880
-13.975330
-13.820840
-13.762350
-13.801800
-13.893870
-13.958760
-13.961960
-13.897400
-13.763520
-13.612780
-13.495420
-13.347410
-13.089480
-12.714320
-12.221450
-11.604530
-10.861210
-10.000160
-9.063530
-8.098836
-7.147882
-6.243990
-5.376088
-4.522187
-3.681234
-2.874394
-2.125494
-1.437579
-0.752229
0.004158
0.842128
1.724651
2.613934
3.506679
4.388447
5.219255
5.976347
6.658371
7.261306
7.800713
8.325945
8.868801
9.419257
9.965328
10.507130
11.044650
11.581800
12.124170
12.675170
13.235350
13.785230
14.301050
14.778450
15.217800
15.623750
16.000980
16.347630
16.667070
16.987060
17.337200
17.705090
18.013000
18.195660
18.251860
18.174760
17.963400
17.684690
17.402410
17.115660
16.839470
16.617550
16.476890
16.423410
16.422190
16.376620
16.221760
15.951230
15.565320
15.113980
14.652370
14.189960
13.734620
13.294510
12.870650
12.414180
11.867580
11.224680
10.480040
9.626923
8.725289
7.849629
7.005809
6.187177
5.466622
4.976490
4.751946
4.673335
4.642626
4.662621
4.718317
4.768861
4.793098
4.789969
4.774220
4.768452
4.781752
4.814494
4.868174
4.942232
5.039631
5.171209
5.345473
5.569447
5.845617
6.091304
6.206746
6.176867
5.994144
5.667315
5.290666
4.945622
4.636863
4.368063
4.111986
3.812455
3.442719
3.016825
2.626043
2.355813
2.210085
2.137722
2.080305
2.029142
1.983904
1.920066
1.813578
1.660543
1.460973
1.214589
0.918843
0.570796
0.212766
-0.088497
-0.310192
-0.453266
-0.510026
-0.477878
-0.407065
-0.354018
-0.322780
-0.299653
-0.258600
-0.184363
-0.073153
0.082773
0.227832
0.232149
0.020300
-0.381181
-0.896608
-1.462522
-2.042239
-2.609299
-3.158024
-3.692150
-4.213544
-4.663819
-4.946265
-5.025701
-4.939890
-4.744193
-4.450439
-4.059173
-3.650380
-3.308452
-3.042829
-2.854979
-2.682619
-2.450601
-2.154554
-1.789357
-1.358743
-0.916447
-0.508765
-0.138141
0.194018
0.511849
0.850163
1.215223
1.574588
1.849977
1.995818
2.066516
2.147958
2.273997
2.434764
2.558620
2.573858
2.475333
2.320377
2.195728
2.133043
2.138195
2.219217
2.319275
2.345896
2.259648
2.058476
1.805366
1.572784
1.364931
1.181965
1.029318
0.908466
0.818856
0.743217
0.663517
0.577109
0.483136
0.399635
0.357371
0.372569
0.446920
0.523280
0.535886
0.479286
0.368851
0.234800
0.096510
-0.042866
-0.179238
-0.337627
-0.552916
-0.780968
-0.959803
-1.086353
-1.161299
-1.198692
-1.219995
-1.251311
-1.324861
-1.413003
-1.457940
-1.440530
-1.360299
-1.215341
-1.003571
-0.720444
-0.385315
-0.073097
0.157799
0.293322
0.304035
0.165827
-0.126351
-0.526002
-0.928638
-1.274786
-1.559937
-1.778209
-1.952005
-2.119328
-2.290316
-2.464691
-2.643733
-2.829581
-3.022767
-3.209817
-3.372200
-3.502363
-3.599045
-3.699388
-3.854892
-4.079938
-4.381013
-4.740367
-5.073408
-5.315280
-5.461248
-5.504618
-5.485190
-5.479826
-5.474707
-5.418867
-5.315464
-5.167047
-4.965611
-4.711115
-4.444185
-4.212849
-4.022462
-3.854016
-3.666551
-3.430914
-3.142051
-2.837131
-2.590677
-2.422307
-2.274544
-2.104372
-1.911887
-1.695704
-1.452347
-1.179598
-0.894136
-0.635033
-0.416121
-0.179992
0.128357
0.507061
0.962964
1.502885
2.053276
2.509375
2.831998
3.029555
3.223036
3.493154
3.795012
4.134662
4.523593
4.902085
5.195288
5.384835
5.468418
5.437751
5.320199
5.181167
5.055329
4.937071
4.825468
4.719495
4.611227
4.491534
4.355453
4.190987
3.936721
3.611427
3.329943
3.128673
3.009336
2.962490
2.917605
2.815893
2.656563
2.439489
2.156083
1.806106
1.429158
1.070062
0.732767
0.413369
0.115237
-0.114617
-0.236648
-0.322314
-0.444771
-0.604629
-0.802067
-1.016334
-1.219606
-1.412407
-1.594320
-1.747857
-1.857253
-1.926196
-1.980229
-2.073935
-2.250652
-2.466010
-2.643825
-2.765790
-2.828589
-2.825480
-2.792698
-2.783341
-2.811183
-2.878809
-2.991725
-3.120152
-3.204131
-3.207063
-3.129875
-3.063759
-3.111603
-3.272750
-3.460442
-3.605534
-3.728564
-3.839690
-3.932381
-4.014092
-4.110873
-4.247789
-4.383041
-4.459020
-4.533334
-4.661581
-4.786921
-4.870942
-4.915853
-4.920948
-4.910828
-4.899696
-4.862405
-4.785240
-4.669338
-4.525248
-4.367023
-4.196946
-4.026408
-3.881279
-3.776743
-3.695742
-3.588404
-3.417592
-3.177216
-2.895578
-2.666113
-2.567118
-2.598800
-2.653268
-2.620370
-2.517329
-2.386635
-2.239923
-2.050543
-1.789730
-1.473844
-1.151090
-0.853370
-0.581274
-0.337102
-0.121608
0.056594
0.166537
0.184822
0.109835
-0.041371
-0.234875
-0.443797
-0.641120
-0.805516
-0.935825
-1.032429
-1.092752
-1.115031
-1.117763
-1.141232
-1.206916
-1.286102
-1.323027
-1.290150
-1.185496
-1.011781
-0.784609
-0.516178
-0.204304
0.138013
0.470773
0.777540
1.085020
1.410620
1.753669
2.112649
2.481959
2.861723
3.256120
3.615652
3.854260
3.963269
4.016710
4.060130
4.091830
4.150416
4.289927
4.525744
4.820441
5.057794
5.149258
5.083942
4.900477
4.727161
4.663288
4.717871
4.854818
4.966498
4.978244
4.889517
4.689076
4.369659
4.021784
3.758358
3.602339
3.560211
3.613804
3.673298
3.669119
3.629266
3.648740
3.801113
4.094554
4.441158
4.692657
4.784837
4.715544
4.496449
4.164269
3.813541
3.587594
3.520646
3.500141
3.447128
3.371092
3.291288
3.218510
3.154589
3.099774
3.056656
3.038390
3.056073
3.058382
2.953676
2.702850
2.341008
1.932837
1.507042
1.085424
0.738315
0.516549
0.419843
0.446730
0.608098
0.910528
1.255030
1.469442
1.480554
1.310301
1.020286
0.658384
0.283185
-0.030397
-0.263753
-0.417681
-0.488698
-0.471068
-0.371051
-0.255266
-0.186122
-0.139482
-0.077709
-0.026585
-0.069924
-0.224538
-0.378498
-0.446497
-0.424040
-0.378174
-0.422134
-0.548132
-0.661626
-0.729132
-0.752816
-0.726912
-0.647087
-0.520428
-0.372376
-0.221554
-0.062182
0.102468
0.215292
0.274442
0.378478
0.575332
0.862803
1.222169
1.630000
2.085686
2.587331
3.131834
3.729702
4.356990
4.856830
5.044237
4.994424
4.941428
4.975930
5.099732
5.308278
5.550535
5.731197
5.783398
5.697010
5.462950
5.102167
4.699920
4.294582
3.847278
3.343696
2.788489
2.177845
1.509790
0.794856
0.049411
-0.717429
-1.503595
-2.319485
-3.152627
-3.859672
-4.304599
-4.520017
-4.566692
-4.473821
-4.268614
-3.969433
-3.618212
-3.285749
-3.005278
-2.769853
-2.563830
-2.408808
-2.357578
-2.406726
-2.494762
-2.583900
-2.672767
-2.778971
-2.941044
-3.182372
-3.459795
-3.662022
-3.717604
-3.625153
-3.383457
-2.979576
-2.408264
-1.783303
-1.279688
-0.958651
-0.790333
-0.712126
-0.720287
-0.833229
-0.932809
-0.902290
-0.745017
-0.496601
-0.180674
0.205890
0.628122
0.991035
1.231988
1.353093
1.394808
1.391348
1.340722
1.268775
1.244386
1.307984
1.461850
1.711410
2.035197
2.366372
2.662984
2.926411
3.148638
3.296287
3.344886
3.293874
3.143374
2.890675
2.533889
2.085124
1.576458
1.028326
0.441226
-0.183996
-0.845213
-1.547704
-2.304612
-3.126537
-4.015607
-4.956417
-5.918177
-6.890762
-7.811788
-8.495438
-8.821775
-8.908626
-8.932129
-8.963422
-9.051360
-9.236282
-9.530034
-9.925416
-10.327170
-10.642080
-10.865860
-11.001890
-11.078430
-11.129390
-11.131270
-11.019060
-10.751770
-10.328520
-9.747288
-9.002154
-8.092184
-7.061827
-5.979646
-4.910182
-3.925462
-3.054183
-2.296671
-1.667049
-1.145036
-0.595275
0.070065
0.731212
1.285053
1.732932
2.083368
2.404401
2.766924
3.174182
3.600983
4.020061
4.431626
4.842540
5.251579
5.662506
6.092904
6.559608
7.071512
7.606923
8.042331
8.271692
8.289389
8.081812
7.701376
7.323300
7.036877
6.739844
6.374523
5.979301
5.554467
5.094654
4.604658
4.066413
3.450324
2.744723
1.966948
1.162482
0.362239
-0.431924
-1.218069
-2.007344
-2.817065
-3.653447
-4.527013
-5.414157
-6.151644
-6.581967
-6.701374
-6.640198
-6.502457
-6.238189
-5.818291
-5.250653
-4.528190
-3.678970
-2.749361
-1.740944
-0.654518
0.370583
1.191845
1.796387
2.182199
2.422648
2.606148
2.748387
2.918285
3.179217
3.534579
3.991323
4.501848
4.950015
5.271802
5.464465
5.524905
5.449958
5.231927
4.886232
4.523161
4.235712
3.961806
3.633559
3.254326
2.823491
2.335488
1.785609
1.185541
0.599415
0.082944
-0.362939
-0.734728
-1.026367
-1.272571
-1.526785
-1.806413
-2.112210
-2.451123
-2.815757
-3.152630
-3.414130
-3.599257
-3.707843
-3.736975
-3.683478
-3.545935
-3.371546
-3.211245
-3.045592
-2.842338
-2.589285
-2.282443
-1.974390
-1.739737
-1.596851
-1.546152
-1.592849
-1.737877
-1.979766
-2.317229
-2.755087
-3.293541
-3.879013
-4.453640
-5.008080
-5.537683
-6.106249
-6.786309
-7.473093
-7.993276
-8.284447
-8.356734
-8.280785
-8.151230
-8.057342
-8.070190
-8.199186
-8.423818
-8.702156
-9.008716
-9.322411
-9.597334
-9.808699
-9.952416
-10.023550
-10.069230
-10.165440
-10.334650
-10.504580
-10.563900
-10.471200
-10.222420
-9.819744
-9.295884
-8.678465
-7.969969
-7.172569
-6.280073
-5.297079
-4.326037
-3.468967
-2.728677
-2.106764
-1.609774
-1.234819
-0.990001
-0.876910
-0.791059
-0.615579
-0.344584
0.021714
0.498148
1.085755
1.706827
2.270167
2.769988
3.260046
3.793936
4.378915
5.018558
5.686168
6.320800
6.890493
7.407254
7.918480
8.462958
9.049201
9.652625
10.163170
10.488060
10.662370
10.770890
10.858380
10.923600
10.957610
10.951890
10.903230
10.830090
10.778070
10.777990
10.816230
10.829830
10.765600
10.638250
10.515570
10.455890
10.462690
10.469020
10.401610
10.254270
10.027210
9.715367
9.316857
8.828618
8.282754
7.753562
7.286093
6.883390
6.533694
6.202615
5.865253
5.535342
5.253008
5.038742
4.833557
4.571882
4.251260
3.871318
3.423856
2.917621
2.393577
1.886717
1.392107
0.899801
0.487875
0.312302
0.336113
0.405867
0.524223
0.678260
0.796403
0.851911
0.829405
0.720459
0.523232
0.284395
0.058525
-0.147630
-0.335205
-0.537795
-0.794057
-1.107318
-1.479301
-1.886521
-2.290685
-2.683091
-3.064072
-3.414300
-3.709512
-3.943379
-4.113895
-4.215594
-4.261198
-4.307926
-4.404348
-4.553647
-4.728891
-4.891867
-5.037885
-5.192503
-5.376936
-5.594106
-5.812521
-5.971401
-6.038161
-6.011508
-5.906125
-5.740497
-5.520059
-5.293062
-5.129410
-5.051669
-5.063114
-5.136166
-5.210640
-5.256030
-5.270557
-5.253166
-5.203631
-5.099906
-4.908233
-4.637651
-4.343933
-4.065369
-3.802358
-3.557305
-3.333613
-3.123769
-2.913016
-2.685970
-2.426858
-2.127771
-1.788758
-1.405287
-0.978401
-0.555773
-0.185458
0.128697
0.384211
0.608776
0.854722
1.130619
1.422419
1.731625
2.060850
2.410121
2.761169
3.078353
3.343132
3.554328
3.722793
3.870390
4.008392
4.139947
4.267911
4.361892
4.362629
4.236357
3.975390
3.634835
3.339250
3.146564
2.964384
2.700053
2.356112
1.932803
1.416390
0.804524
0.172247
-0.374311
-0.805207
-1.113694
-1.291964
-1.399042
-1.514862
-1.658577
-1.811535
-1.916224
-1.927524
-1.845633
-1.672255
-1.392821
-1.001635
-0.631468
-0.445298
-0.390815
-0.363392
-0.353021
-0.359290
-0.375655
-0.400990
-0.418433
-0.409375
-0.372540
-0.309072
-0.219778
-0.096269
0.061314
0.157122
0.097336
-0.066456
-0.278325
-0.544521
-0.864527
-1.222776
-1.597364
-1.955301
-2.252584
-2.465412
-2.592667
-2.633539
-2.584419
-2.444350
-2.236005
-1.996140
-1.744731
-1.539986
-1.457416
-1.519577
-1.726901
-2.012324
-2.301772
-2.596337
-2.894405
-3.152949
-3.333056
-3.433210
-3.452810
-3.388356
-3.248997
-3.048394
-2.803884
-2.518419
-2.178943
-1.793282
-1.389923
-0.987529
-0.583162
-0.176788
0.191144
0.472509
0.658253
0.745041
0.728065
0.643031
0.537376
0.410461
0.244865
0.057823
-0.109290
-0.237171
-0.324497
-0.367537
-0.384463
-0.408118
-0.446448
-0.504800
-0.651298
-0.950141
-1.360427
-1.798920
-2.224475
-2.619268
-2.983555
-3.354771
-3.766900
-4.232970
-4.753568
-5.328384
-5.965406
-6.664592
-7.341454
-7.905988
-8.356037
-8.695177
-8.922481
-9.040755
-9.050914
-8.954351
-8.748646
-8.431831
-8.032193
-7.598420
-7.150492
-6.689806
-6.217432
-5.732626
-5.254046
-4.832309
-4.506517
-4.268425
-4.035582
-3.730623
-3.347469
-2.883738
-2.371983
-1.858598
-1.348380
-0.841673
-0.342245
0.149575
0.637646
1.127162
1.619501
2.116906
2.621375
3.109466
3.541748
3.902894
4.189874
4.398149
4.562198
4.743203
4.967150
5.234688
5.542475
5.880357
6.239460
6.584039
6.871960
7.098101
7.262494
7.359799
7.392713
7.390667
7.381348
7.365414
7.343822
7.315459
7.272115
7.208790
7.124590
7.018996
6.900467
6.780003
6.659258
6.534866
6.397801
6.239539
6.059267
5.878597
5.723339
5.596519
5.497749
5.428579
5.390538
5.385408
5.390560
5.364302
5.291704
5.195376
5.095373
4.990786
4.881923
4.775134
4.678036
4.593830
4.522359
4.464424
4.421024
4.386401
4.345752
4.290192
4.218658
4.128786
4.033739
3.969133
3.959188
4.007790
4.094403
4.156721
4.149569
4.102490
4.098469
4.192231
4.360600
4.538765
4.687435
4.813197
4.933535
5.058820
5.190135
5.327706
5.473116
5.626481
5.786324
5.952100
6.139254
6.370332
6.648832
6.933520
7.177671
7.376359
7.525896
7.621206
7.702041
7.808077
7.896577
7.920683
7.883085
7.782553
7.612983
7.387408
7.141815
6.900199
6.662957
6.420493
6.161507
5.885326
5.601763
5.318872
5.036506
4.754998
4.476996
4.200248
3.899242
3.559222
3.206868
2.860525
2.518373
2.173606
1.817511
1.454369
1.102361
0.772598
0.453327
0.124087
-0.225316
-0.593749
-0.961857
-1.309740
-1.635376
-1.942608
-2.244222
-2.550293
-2.845939
-3.104807
-3.315912
-3.478220
-3.588844
-3.657832
-3.715178
-3.780276
-3.854912
-3.943411
-4.050615
-4.178292
-4.312449
-4.416958
-4.468807
-4.466546
-4.407141
-4.299005
-4.170294
-4.039092
-3.905619
-3.771610
-3.638612
-3.497174
-3.336605
-3.156797
-2.956971
-2.733709
-2.501682
-2.301098
-2.160470
-2.081346
-2.043193
-2.016304
-1.989479
-1.947903
-1.871501
-1.755432
-1.610355
-1.465442
-1.340517
-1.236898
-1.156511
-1.095125
-1.036919
-0.971346
-0.905179
-0.848088
-0.791341
-0.720017
-0.632007
-0.540012
-0.461562
-0.402697
-0.365363
-0.350529
-0.344965
-0.342298
-0.362435
-0.412319
-0.479186
-0.560988
-0.661875
-0.760867
-0.801873
-0.749076
-0.598932
-0.351909
-0.052149
0.211540
0.390043
0.480583
0.476412
0.394155
0.292156
0.208798
0.144730
0.101849
0.083060
0.087790
0.115883
0.167377
0.242274
0.339878
0.459973
0.601701
0.764101
0.956556
1.192835
1.458351
1.723756
1.981505
2.231281
2.443763
2.588701
2.663271
2.664705
2.612891
2.557973
2.527697
2.523627
2.548997
2.594090
2.632856
2.651006
2.646816
2.618762
2.581728
2.554716
2.535957
2.496687
2.422513
2.323747
2.199916
2.055254
1.895699
1.720944
1.532469
1.339080
1.147830
0.957654
0.768274
0.590872
0.442163
0.329195
0.249119
0.185298
0.124099
0.065332
-0.005163
-0.103670
-0.230532
-0.385517
-0.570217
-0.781656
-1.003225
-1.219181
-1.428151
-1.633850
-1.844002
-2.063256
-2.291434
-2.529119
-2.771488
-3.007400
-3.230453
-3.439982
-3.640514
-3.839804
-4.031157
-4.196792
-4.329772
-4.446702
-4.574898
-4.723988
-4.871777
-4.994963
-5.093682
-5.168428
-5.215905
-5.236425
-5.250049
-5.278402
-5.322015
-5.381205
-5.458070
-5.544077
-5.621051
-5.679309
-5.718720
-5.738055
-5.740133
-5.737541
-5.739871
-5.747118
-5.759372
-5.777269
-5.800198
-5.827573
-5.859453
-5.896201
-5.932620
-5.956767
-5.961546
-5.947186
-5.914034
-5.861462
-5.792410
-5.717065
-5.643036
-5.570474
-5.499497
-5.430364
-5.363464
-5.298769
-5.229192
-5.147252
-5.052958
-4.946617
-4.827929
-4.698547
-4.560664
-4.410189
-4.240254
-4.049850
-3.839994
-3.611344
-3.364665
-3.101239
-2.824542
-2.537671
-2.244630
-1.957259
-1.684558
-1.426733
-1.183619
-0.955048
-0.741289
-0.542196
-0.350942
-0.158901
0.035532
0.231561
0.429223
0.628130
0.827620
1.026776
1.223307
1.414892
1.600699
1.780290
1.953027
2.118452
2.276657
2.427573
2.568483
2.694572
2.804093
2.897693
2.975774
3.039623
3.092639
3.138127
3.175992
3.197423
3.194545
3.169569
3.124786
3.061659
2.982812
2.891172
2.789288
2.678915
2.561760
2.439111
2.312430
2.186166
2.064492
1.947806
1.836217
1.729982
1.628995
1.533181
1.442484
1.356897
1.276270
1.200397
1.129905
1.066164
1.009518
0.959247
0.914674
0.874604
0.837686
0.803413
0.771571
0.741874
0.714240
0.688934
0.666001
0.645067
0.625796
0.607916
0.591149
0.575247
0.560021
0.545306
0.530791
0.516185
0.501446
0.486619
0.471733
0.456823
0.441895
0.426944
0.412006
0.397170
0.382512
0.368036
0.353727
0.339581
0.325578
0.311702
0.297955
0.284354
0.270911
0.257638
0.244548
0.231648
0.218940
0.206427
0.194112
0.181997
0.170087
0.158387
0.146901
0.135636
0.124596
0.113785
0.103208
0.092869
0.082773
0.072924
0.063327
0.053985
0.044903
0.036084
0.027532
0.019252
0.011246
