-0.003664
-0.003662
-0.003664
-0.003683
-0.003658
-0.003619
-0.003721
-0.003739
-0.003454
-0.003322
-0.003444
-0.003387
-0.003370
-0.003658
-0.003593
-0.002867
-0.002699
-0.003290
-0.003327
-0.003012
-0.002284
-0.002256
-0.003000
-0.002714
-0.002486
-0.003402
-0.004186
-0.003610
-0.001633
-0.000285
-0.001012
-0.001706
-0.000872
0.000435
-0.001366
-0.006121
-0.006034
-0.000139
0.002296
-0.002351
-0.005241
-0.003690
-0.001495
-0.001055
-0.002474
-0.002267
-0.004611
-0.011392
-0.008272
0.007972
0.015217
0.002045
-0.005431
0.003885
0.008435
-0.000212
-0.005196
-0.003543
-0.003835
-0.001605
0.001733
0.004060
0.007484
0.005082
-0.003334
-0.004000
0.002006
0.002981
-0.002787
-0.005732
-0.004183
-0.005575
-0.007454
-0.000048
0.005579
-0.005729
-0.014836
-0.005823
0.004034
0.001948
-0.003287
-0.001191
-0.002792
-0.012085
-0.005960
0.012475
0.013075
-0.007721
-0.015156
0.002047
0.009718
0.001458
0.007687
0.016975
0.010622
-0.002029
-0.001608
0.005644
-0.003493
-0.017507
-0.010607
0.002981
-0.002845
-0.002046
0.011305
0.001495
-0.013131
-0.001138
0.011527
0.003468
-0.009003
-0.004520
0.007536
-0.007239
-0.021237
0.002704
0.022426
0.005178
-0.014969
-0.021505
-0.016397
-0.011128
-0.024632
-0.016316
-0.009457
-0.019210
-0.014214
0.002256
0.021172
0.029246
0.013601
-0.016299
-0.039153
-0.024976
0.026525
0.062294
0.058611
0.023901
-0.028937
-0.061210
-0.029454
0.023055
0.030109
0.005166
-0.014243
-0.008260
0.028910
0.056924
0.044525
0.013097
-0.015418
-0.023712
-0.004997
0.022770
0.027030
-0.002835
-0.035524
-0.044271
-0.028378
-0.000098
0.026700
0.026604
-0.011963
-0.044785
-0.030040
0.002319
0.018335
0.004914
-0.010318
-0.002694
-0.000375
-0.017290
-0.020964
0.001292
0.014474
0.007166
0.009532
0.014890
-0.010357
-0.026609
0.009048
0.039153
0.028484
0.007865
-0.011885
-0.033851
-0.035597
-0.007159
0.008749
0.000607
-0.014754
-0.030065
-0.028912
-0.024834
-0.032927
-0.028811
-0.001622
-0.002892
-0.041286
-0.058728
-0.059783
-0.057278
-0.030540
-0.002931
-0.004100
-0.018863
-0.027067
-0.016861
-0.007407
-0.019507
-0.036751
-0.049341
-0.070299
-0.086187
-0.067121
-0.016989
0.033477
0.047444
0.048655
0.082475
0.136372
0.172331
0.183921
0.186208
0.178808
0.139055
0.095906
0.118465
0.190466
0.232050
0.217811
0.186634
0.158230
0.140185
0.143214
0.153549
0.140113
0.081598
-0.008886
-0.088277
-0.110783
-0.128708
-0.173568
-0.183218
-0.158127
-0.181762
-0.241597
-0.243233
-0.172714
-0.117788
-0.119165
-0.145389
-0.153621
-0.133351
-0.078918
0.003015
0.043878
0.043896
0.084644
0.181648
0.252472
0.272440
0.263148
0.209514
0.113398
0.017719
-0.028780
-0.024346
-0.012034
-0.019555
-0.052569
-0.074950
-0.072534
-0.102505
-0.179203
-0.253247
-0.263109
-0.206304
-0.141589
-0.116836
-0.101489
-0.090794
-0.109317
-0.153417
-0.180704
-0.114200
-0.007117
0.021244
0.046397
0.121862
0.144137
0.103674
0.074172
0.110824
0.196544
0.214593
0.171993
0.143038
0.097623
0.027560
-0.021779
-0.001864
0.042523
0.009431
-0.071732
-0.128612
-0.121978
-0.065797
-0.027591
-0.008889
0.030956
0.034521
-0.027914
-0.048204
-0.007095
0.010518
-0.017136
-0.047337
-0.052924
-0.069430
-0.095681
-0.052344
0.030253
0.074310
0.082130
0.078008
0.038052
-0.018712
-0.032460
-0.009739
0.007103
0.032143
0.060831
0.047685
0.026177
0.032801
0.043328
0.025008
-0.051734
-0.131612
-0.164339
-0.157451
-0.110116
-0.049551
-0.000208
0.037469
0.034197
-0.016053
-0.069120
-0.110363
-0.118471
-0.057211
0.034649
0.086983
0.094700
0.080766
0.004721
-0.099120
-0.135236
-0.074833
-0.025986
-0.058404
-0.106863
-0.114661
-0.096624
-0.060502
-0.033715
-0.007422
0.023893
-0.031405
-0.101560
-0.071537
-0.029741
-0.004275
0.053016
0.095118
0.105700
0.073738
0.024052
0.030073
0.024408
-0.000106
0.057212
0.156283
0.222838
0.241129
0.203211
0.165475
0.207812
0.206650
0.115680
0.099616
0.138790
0.097526
0.074698
0.185516
0.274758
0.199380
0.039374
-0.025275
0.031086
0.059173
0.071643
0.068478
-0.079712
-0.264005
-0.378004
-0.324069
-0.075342
0.058170
-0.021494
-0.065219
-0.061929
-0.071390
0.004657
0.123479
0.234641
0.271674
0.095466
-0.088561
0.004888
0.138970
0.078884
-0.032645
-0.058971
-0.044598
-0.016149
0.002809
0.072336
0.110548
0.068323
0.063975
0.082383
0.080618
0.119621
0.176772
0.035061
-0.145758
-0.116706
-0.095040
-0.098610
0.075835
0.203734
0.036265
-0.121906
-0.082754
0.009463
0.069126
0.052035
0.060111
0.011056
-0.204779
-0.322165
-0.320929
-0.247883
0.026581
0.217334
0.184405
0.142871
0.126238
0.129461
0.157219
0.176370
0.193449
0.199778
0.089993
-0.030408
-0.057488
-0.038037
0.045781
0.178914
0.235063
0.182343
0.141187
0.087383
-0.022097
0.049124
0.219714
0.222682
0.194420
0.235763
0.125317
-0.070427
-0.121176
-0.084188
-0.114777
-0.155031
-0.140131
-0.166018
-0.289802
-0.388646
-0.297818
-0.149328
-0.089799
0.041961
0.189529
0.090904
-0.212714
-0.387636
-0.103267
0.361897
0.540732
0.556224
0.645290
0.599663
0.084522
-0.407488
-0.090182
0.411844
0.372151
0.151565
0.286803
0.454662
0.046745
-0.364165
-0.432323
-0.527771
-0.599234
-0.577902
-0.596631
-0.627328
-0.522358
-0.396655
-0.284880
-0.059665
0.135722
0.186874
0.321430
0.513259
0.635104
0.767275
0.603631
0.066357
-0.239666
-0.392255
-0.590408
-0.594121
-0.344654
0.174292
0.708088
0.572872
0.055304
-0.271286
-0.576228
-0.764635
-0.695314
-0.522274
-0.426846
-0.449041
-0.333549
0.173678
0.792223
0.861759
0.443011
-0.198511
-0.696695
-0.737877
-0.572347
-0.463705
-0.339216
-0.181982
-0.185132
-0.379648
-0.533771
-0.488151
-0.200442
0.092239
0.151959
-0.009103
-0.116956
0.030193
0.147308
0.020226
-0.133953
-0.144160
-0.117171
-0.094503
-0.019051
-0.015219
-0.132319
-0.167547
-0.111410
-0.131868
-0.102036
0.138557
0.248047
0.074804
-0.019996
0.009666
-0.107400
-0.282700
-0.331901
-0.315378
-0.335771
-0.319040
-0.107299
0.134083
0.228684
0.249659
0.130693
-0.136087
-0.275426
-0.264047
-0.260316
-0.210032
-0.101699
-0.015143
0.106505
0.232140
0.328882
0.424041
0.478949
0.451481
0.345085
0.221629
0.103407
-0.001259
0.025133
0.178502
0.258350
0.287324
0.323363
0.218852
0.016729
-0.226365
-0.415073
-0.384566
-0.201231
-0.093313
-0.143359
-0.228851
-0.288224
-0.348049
-0.307699
-0.004722
0.402180
0.447118
0.138332
-0.179559
-0.335290
-0.393003
-0.355480
-0.146847
0.202771
0.426137
0.375629
0.310552
0.253757
0.082017
0.040802
0.250497
0.358957
0.293872
0.230856
0.162023
0.091946
0.077389
0.116985
0.115773
0.055038
0.145741
0.372470
0.325923
0.094011
-0.081624
-0.161937
-0.188310
-0.217333
-0.184655
-0.090753
-0.074929
-0.100423
-0.176928
-0.388185
-0.586699
-0.578174
-0.260319
0.146377
0.363578
0.312752
0.192737
0.161086
0.133710
0.301343
0.634812
0.632041
0.364160
0.267939
0.335301
0.309260
0.171196
0.141665
0.270583
0.403455
0.415459
0.275508
0.115944
0.048831
-0.004728
-0.086168
-0.013885
0.222534
0.339654
0.378292
0.409533
0.277146
0.113128
0.176428
0.276757
0.227859
0.138412
0.095431
0.054751
-0.086235
-0.226549
-0.096871
0.157725
0.241502
0.195323
0.099779
0.054080
0.081212
0.027388
-0.089044
-0.158098
-0.241654
-0.366653
-0.300470
0.031874
0.248933
0.148497
-0.015226
-0.075324
-0.043716
0.055665
0.115227
0.090490
-0.000274
-0.184160
-0.312039
-0.222527
-0.086122
-0.033814
0.060559
0.147824
0.046205
-0.197112
-0.348916
-0.351827
-0.235504
-0.013607
0.206869
0.310192
0.245006
0.090447
-0.074167
-0.190072
-0.147152
0.002238
0.127066
0.148410
0.030892
-0.126516
-0.202138
-0.182723
-0.131138
-0.073287
-0.037934
-0.064872
-0.075001
-0.017424
-0.005045
-0.056228
-0.058323
-0.050983
-0.127149
-0.240594
-0.278123
-0.237869
-0.247063
-0.302095
-0.346773
-0.374119
-0.361038
-0.277300
-0.152459
-0.056252
0.056260
0.165144
0.090115
-0.099548
-0.094716
0.108953
0.197774
0.095903
0.003130
0.036972
0.104330
0.053075
0.011027
0.112114
0.152181
0.007722
-0.144599
-0.132049
-0.007841
0.047694
0.064513
0.099752
0.065681
-0.041533
-0.073126
0.024502
0.089090
0.083542
0.059759
0.010996
0.006061
0.017806
-0.057379
-0.136979
-0.088849
-0.021190
-0.075488
-0.148796
-0.123179
-0.092628
-0.161880
-0.232718
-0.196316
-0.082443
0.000869
0.020009
0.033200
0.071750
0.075437
-0.016697
-0.092170
-0.015315
0.113882
0.155873
0.119568
0.031554
-0.027484
-0.093777
-0.165756
-0.134584
-0.035259
-0.004013
0.013673
0.032545
-0.034545
-0.089640
-0.086492
-0.106034
-0.097553
0.030406
0.149128
0.145807
0.080913
0.017165
-0.004975
0.024497
0.045572
0.075801
0.120995
0.148140
0.167668
0.154569
0.079993
0.007839
-0.042321
-0.074173
-0.064627
-0.044316
-0.084580
-0.129528
-0.086860
0.003198
0.058776
0.029050
-0.044282
-0.098460
-0.146903
-0.225624
-0.238821
-0.098231
0.037845
0.031526
-0.014503
0.008235
0.030012
0.018437
-0.022340
-0.085442
-0.092952
-0.073711
-0.048506
-0.012034
0.027782
0.054488
0.038773
-0.009427
-0.033233
-0.068531
-0.153883
-0.142882
0.009889
0.041252
-0.098961
-0.137241
-0.088243
-0.124578
-0.225006
-0.181189
0.014969
0.108108
0.080587
0.061786
0.066069
0.043108
0.046927
0.136667
0.202019
0.256339
0.294686
0.244194
0.188088
0.169285
0.178108
0.189117
0.192072
0.246653
0.298356
0.222663
0.058785
0.016257
0.111935
0.153842
0.106126
-0.009436
-0.132713
-0.136983
-0.057866
-0.005229
0.061845
0.154651
0.170939
0.099195
0.015665
-0.079325
-0.167655
-0.115963
0.019557
0.016096
-0.026019
0.007221
-0.044345
-0.153835
-0.127077
-0.055100
-0.075636
-0.115097
-0.047143
0.138635
0.258565
0.199138
0.121962
0.166037
0.122706
-0.071324
-0.059532
0.033911
-0.068126
-0.124954
0.032042
0.213261
0.298977
0.253648
0.137694
0.082224
-0.007851
-0.152927
-0.207032
-0.127231
-0.043875
-0.019776
0.024232
0.083648
0.065673
-0.008341
-0.027449
-0.001361
0.017670
-0.052509
-0.142590
-0.135927
-0.119747
-0.134493
-0.122156
-0.117221
-0.079802
0.063113
0.225258
0.285351
0.230438
0.106597
-0.018386
-0.070488
-0.075529
-0.054403
-0.022702
0.009485
0.047604
0.027333
-0.111005
-0.239965
-0.182902
-0.045105
-0.004383
-0.016002
0.067817
0.047074
-0.222419
-0.401250
-0.293256
-0.124254
-0.067577
-0.055816
-0.006937
0.002078
-0.083270
-0.187731
-0.213067
-0.163918
-0.146422
-0.085044
0.017691
0.010453
-0.045343
-0.019818
0.001977
-0.095607
-0.158061
-0.081831
-0.031208
-0.040560
0.022658
0.125845
0.158098
0.081562
-0.048871
-0.139950
-0.100890
-0.004697
0.029301
0.011268
-0.030912
-0.030581
0.040551
0.099357
0.104601
0.076207
0.043170
0.032165
0.045896
0.046641
0.011423
-0.013822
-0.008097
-0.001642
0.016954
0.060229
0.120960
0.129167
0.089428
0.073689
0.072071
0.044114
-0.005433
-0.077536
-0.146123
-0.149396
-0.105219
-0.030462
0.063549
0.108946
0.122078
0.107131
0.011613
-0.121150
-0.160898
-0.049263
0.004377
-0.061354
-0.059709
-0.021099
-0.051297
-0.084425
-0.029927
0.043265
0.004010
-0.088470
-0.078156
-0.052804
-0.080291
-0.073406
-0.052988
-0.071535
-0.109770
-0.139574
-0.151905
-0.096847
0.056520
0.199778
0.223486
0.149345
0.053342
-0.016671
-0.019062
0.062570
0.149556
0.201329
0.229570
0.219417
0.164467
0.108180
0.059995
0.002217
-0.042547
-0.012267
0.059946
0.084154
0.120749
0.183684
0.182726
0.111608
0.079460
0.076764
0.012079
-0.096843
-0.137885
-0.081428
-0.052422
-0.084220
-0.083519
-0.071989
-0.122717
-0.190375
-0.204758
-0.165475
-0.074341
0.045256
0.121010
0.073218
0.006403
0.031681
0.092678
0.117999
0.109800
0.086085
0.028575
-0.047020
-0.042409
0.059116
0.150291
0.195363
0.223612
0.212085
0.148645
0.101838
0.109877
0.105024
0.063383
0.031160
-0.009420
-0.073268
-0.087424
-0.061016
-0.092787
-0.071689
0.068123
0.117321
0.023735
-0.048613
-0.052389
-0.061741
-0.052422
0.028947
0.097096
0.054426
-0.028857
-0.045634
-0.007901
0.023258
0.040645
0.070961
0.095031
0.054143
-0.033156
-0.057972
-0.000511
0.038571
0.025229
0.019636
0.052766
0.064649
0.071563
0.117671
0.119818
0.037541
-0.040303
-0.085264
-0.098041
-0.081091
-0.033130
0.043675
0.090426
0.072881
0.036493
0.020177
0.001756
-0.048363
-0.100018
-0.128539
-0.142471
-0.166149
-0.188094
-0.165956
-0.102790
-0.025393
0.037851
0.053215
0.015625
-0.046579
-0.115328
-0.169760
-0.178253
-0.149530
-0.115524
-0.078951
-0.064482
-0.101420
-0.120340
-0.080701
-0.050909
-0.049210
-0.038404
-0.030087
-0.061894
-0.111285
-0.110870
-0.054460
-0.016608
-0.008221
-0.002953
-0.002487
-0.011000
-0.014575
0.010148
0.055722
0.089912
0.088181
0.047742
0.004915
-0.011737
-0.019737
-0.023211
-0.017847
-0.023324
-0.044024
-0.028573
0.035227
0.061067
0.041182
0.038917
0.052458
0.044797
0.024517
0.009811
0.003509
0.001922
-0.002266
0.004626
0.014792
0.001073
-0.036570
-0.060180
-0.041625
-0.026658
-0.045349
-0.048698
-0.006993
0.008746
-0.034140
-0.063432
-0.063041
-0.062240
-0.049205
-0.003233
0.039221
0.033426
0.013964
0.002513
-0.010869
-0.014851
0.005597
0.030642
0.052693
0.065577
0.065363
0.063740
0.049558
0.009849
-0.034431
-0.016412
0.046652
0.052484
0.049934
0.094769
0.088188
0.015024
0.001875
0.050819
0.071897
0.075393
0.094857
0.088027
0.046177
0.040502
0.056270
0.026808
-0.010335
-0.006449
-0.006707
-0.000059
0.068819
0.106683
0.047205
-0.022239
-0.060165
-0.069189
-0.038978
0.011755
0.070328
0.108767
0.098850
0.059596
0.026251
0.020067
0.029644
0.047789
0.075765
0.080917
0.028657
-0.044399
-0.052647
0.014654
0.059742
0.073061
0.100256
0.122010
0.105535
0.083261
0.091260
0.098433
0.068573
0.016664
-0.011549
0.004599
0.021140
0.002525
-0.014945
0.001280
0.015196
0.007805
0.006771
0.005385
-0.002007
-0.014387
-0.060464
-0.109312
-0.073286
0.027129
0.077362
0.069623
0.049791
0.032674
0.005774
-0.032847
-0.062235
-0.065318
-0.060630
-0.064752
-0.052909
-0.019066
0.014551
0.020883
0.009006
0.023848
0.026967
-0.024148
-0.078070
-0.092597
-0.069357
-0.041424
-0.020187
-0.002671
-0.031493
-0.094524
-0.103210
-0.068762
-0.035995
0.001851
0.040840
0.060513
0.049582
0.018560
-0.017460
-0.029952
-0.001870
0.032603
0.034656
0.039505
0.078586
0.084903
0.011665
-0.060474
-0.063665
-0.057348
-0.084422
-0.087743
-0.047420
-0.030678
-0.036060
-0.016600
0.017812
0.017688
-0.029097
-0.082150
-0.116146
-0.124660
-0.111701
-0.076407
-0.034609
-0.007508
0.003489
0.002824
-0.016494
-0.051718
-0.077882
-0.084274
-0.089607
-0.072198
-0.010265
0.042227
0.045678
0.017183
0.007818
0.014768
0.021893
0.035701
0.038260
0.018513
-0.009461
-0.034041
-0.055821
-0.072226
-0.074458
-0.073118
-0.080228
-0.070351
-0.032685
-0.025993
-0.056335
-0.058414
-0.037289
-0.034504
-0.049032
-0.056371
-0.045808
-0.032701
-0.032837
-0.023413
-0.009680
-0.022083
-0.035638
-0.032154
0.004787
0.051505
0.047378
-0.004979
-0.008066
0.032726
0.048224
0.047448
0.074583
0.114933
0.108005
0.063818
0.056701
0.061601
0.028314
-0.021444
-0.057112
-0.052570
-0.008408
0.023014
0.025099
0.019700
0.004979
-0.023480
-0.044936
-0.035945
-0.010763
0.002483
-0.000648
-0.015316
-0.040775
-0.058948
-0.043286
-0.002330
0.034485
0.053304
0.059160
0.062652
0.067086
0.064115
0.051456
0.043201
0.040988
0.037198
0.039362
0.046084
0.040593
0.013024
-0.004515
0.006335
0.005992
-0.006103
0.008189
0.030270
0.026978
0.019304
0.014110
-0.003833
-0.020952
-0.022929
-0.021642
-0.030050
-0.035821
-0.019371
0.008268
0.020361
0.014694
0.013712
0.015304
0.006470
0.005109
0.012831
0.014187
0.006331
-0.008959
-0.025091
-0.027263
-0.015343
-0.000167
0.013168
0.023040
0.028033
0.025477
0.017870
0.015378
0.012813
-0.002683
-0.014521
-0.004875
0.003273
-0.006045
-0.010985
-0.000770
0.003053
-0.007696
-0.011489
-0.004127
-0.003278
-0.002973
0.005914
0.011494
0.010273
0.011564
0.014024
0.009510
0.004204
0.004688
0.006327
0.007746
0.011369
0.013013
0.010221
0.006335
0.004083
0.004028
0.006203
0.010242
0.012656
0.009714
0.005403
0.004281
0.003912
0.002405
0.001369
0.001713
0.002506
0.003174
0.003209
0.002365
0.001742
0.001309
0.000256
-0.000536
-0.000091
0.000645
0.000659
0.000240
-0.000094
-0.000272
-0.000346
-0.000496
-0.000809
-0.001222
-0.001718
-0.002204
-0.002538
-0.002770
-0.003047
-0.003365
-0.003670
-0.003979
-0.004297
-0.004598
-0.004873
-0.005136
-0.005389
-0.005631
-0.005860
-0.006074
-0.006272
-0.006455
-0.006621
