-0.000317
-0.000316
-0.000316
-0.000313
-0.000312
-0.000307
-0.000306
-0.000307
-0.000312
-0.000312
-0.000316
-0.000315
-0.000309
-0.000297
-0.000287
-0.000279
-0.000291
-0.000325
-0.000387
-0.000443
-0.000488
-0.000505
-0.000501
-0.000470
-0.000442
-0.000411
-0.000392
-0.000390
-0.000432
-0.000501
-0.000543
-0.000467
-0.000318
-0.000126
0.000004
0.000073
0.000046
0.000005
-0.000056
-0.000117
-0.000174
-0.000213
-0.000266
-0.000334
-0.000411
-0.000482
-0.000556
-0.000690
-0.000889
-0.001048
-0.001146
-0.001185
-0.001259
-0.001357
-0.001386
-0.001233
-0.000849
-0.000446
-0.000020
0.000407
0.000771
0.001016
0.001078
0.000851
0.000494
0.000059
-0.000286
-0.000591
-0.001017
-0.001655
-0.002496
-0.003214
-0.003726
-0.003834
-0.003683
-0.003141
-0.002408
-0.001444
-0.000255
0.000723
0.001089
0.001053
0.000407
-0.000076
-0.000312
-0.000395
-0.000766
-0.001299
-0.001666
-0.001844
-0.001796
-0.001860
-0.002151
-0.002709
-0.003445
-0.004159
-0.004301
-0.003843
-0.003564
-0.003219
-0.002197
-0.000158
0.003097
0.005249
0.006474
0.006610
0.005067
0.004122
0.003708
0.003341
0.003661
0.004283
0.004916
0.004764
0.003993
0.002259
-0.000323
-0.003885
-0.006996
-0.008183
-0.006166
-0.004219
-0.003631
-0.003451
-0.004021
-0.004433
-0.004492
-0.003490
-0.001724
0.000107
0.002038
0.003830
0.004864
0.004297
0.002041
-0.002182
-0.006999
-0.010392
-0.011899
-0.012463
-0.012181
-0.010599
-0.008861
-0.006647
-0.003507
0.000238
0.003793
0.007249
0.010496
0.013374
0.015417
0.017356
0.018777
0.020032
0.021583
0.023747
0.025267
0.025248
0.023993
0.019635
0.013108
0.007048
0.003319
0.001338
0.000365
0.000794
0.000866
-0.000382
-0.003170
-0.006713
-0.009171
-0.010837
-0.011321
-0.011441
-0.010783
-0.009450
-0.008067
-0.006948
-0.005694
-0.003820
-0.000765
0.004076
0.010369
0.016043
0.019224
0.021505
0.022986
0.023888
0.024267
0.023808
0.021554
0.017961
0.013439
0.008280
0.004252
0.002102
0.004233
0.011326
0.017453
0.022587
0.022390
0.016091
0.009793
0.004151
0.001793
0.000986
-0.001343
-0.004971
-0.009843
-0.013244
-0.015006
-0.015121
-0.015281
-0.017318
-0.021525
-0.027082
-0.029411
-0.028567
-0.024160
-0.018885
-0.009384
0.005154
0.020093
0.037090
0.051132
0.055563
0.049394
0.039986
0.031352
0.028984
0.026926
0.025935
0.024555
0.023446
0.022230
0.019567
0.015851
0.014528
0.015390
0.016577
0.016232
0.012494
0.008445
0.004647
0.001917
-0.001747
-0.008855
-0.018583
-0.029392
-0.034996
-0.033310
-0.029983
-0.025783
-0.020857
-0.018565
-0.015251
-0.010318
-0.006282
-0.003533
-0.001373
0.000769
0.003503
0.006226
0.006880
0.002647
-0.010245
-0.022685
-0.033805
-0.041614
-0.042954
-0.037921
-0.029725
-0.023859
-0.018078
-0.012556
-0.006408
0.002453
0.010796
0.014145
0.013729
0.012414
0.011372
0.012820
0.010791
0.001220
-0.009505
-0.013259
-0.011820
0.000954
0.019570
0.029599
0.034317
0.035089
0.030779
0.022289
0.008641
-0.000583
-0.006453
-0.009479
-0.012253
-0.012867
-0.011427
-0.006667
-0.001146
0.002145
0.000399
-0.005088
-0.015351
-0.020918
-0.021457
-0.015206
-0.005508
0.002821
0.009381
0.007956
0.001063
-0.004784
-0.011620
-0.018281
-0.022542
-0.022867
-0.023530
-0.024362
-0.026932
-0.030440
-0.033342
-0.034351
-0.032032
-0.027228
-0.020184
-0.011684
-0.005792
-0.005465
-0.006524
-0.010105
-0.011172
-0.010381
-0.007220
-0.002674
0.003813
0.010380
0.017004
0.022494
0.026340
0.027542
0.027466
0.024437
0.020322
0.014825
0.009203
0.005234
0.002890
0.000082
-0.003089
-0.007576
-0.014102
-0.022256
-0.028392
-0.032553
-0.034218
-0.034128
-0.027854
-0.017375
-0.007787
0.000233
0.004337
0.006606
0.011294
0.016240
0.019421
0.019990
0.018737
0.015035
0.013242
0.013846
0.016995
0.021256
0.028015
0.034500
0.039795
0.041341
0.038272
0.032407
0.025996
0.018840
0.011738
0.003322
-0.006762
-0.014532
-0.019129
-0.020214
-0.019521
-0.015067
-0.011009
-0.006672
-0.002924
0.000094
0.002045
0.002905
0.002365
0.002809
0.003857
0.004292
0.003717
0.002827
0.004039
0.006936
0.010356
0.012623
0.011760
0.008424
0.002343
-0.003605
-0.008937
-0.013865
-0.019192
-0.023196
-0.023683
-0.022387
-0.017547
-0.012216
-0.005600
0.001802
0.008254
0.011243
0.010539
0.003991
-0.000846
-0.004885
-0.008733
-0.011874
-0.012829
-0.010751
-0.006204
0.001274
0.008054
0.011150
0.008771
0.004233
-0.000951
-0.005215
-0.009160
-0.011918
-0.011983
-0.010758
-0.007999
-0.004941
-0.001888
0.001280
0.004008
0.005819
0.007863
0.009337
0.009860
0.010577
0.011766
0.011835
0.010229
0.008067
0.005576
0.004188
0.004980
0.008117
0.010812
0.012415
0.011769
0.010331
0.007869
0.006201
0.003739
-0.001047
-0.005476
-0.008491
-0.009017
-0.006498
-0.002046
0.000757
0.001730
0.001944
0.001111
-0.000799
-0.004122
-0.009231
-0.014117
-0.018439
-0.021803
-0.023162
-0.021263
-0.016479
-0.011443
-0.007339
-0.003521
-0.000449
0.002141
0.004701
0.007625
0.010307
0.012453
0.013694
0.013737
0.011926
0.008294
0.003329
0.000744
0.000047
0.000136
-0.000507
-0.001887
-0.003720
-0.005620
-0.006989
-0.008217
-0.009479
-0.010669
-0.012205
-0.014685
-0.018282
-0.022450
-0.027079
-0.032756
-0.040091
-0.049760
-0.060303
-0.064922
-0.067808
-0.070314
-0.070678
-0.068920
-0.070015
-0.074630
-0.082228
-0.089252
-0.094977
-0.098172
-0.098673
-0.094924
-0.089989
-0.083881
-0.078530
-0.075003
-0.075358
-0.078656
-0.083401
-0.084455
-0.083385
-0.078710
-0.063892
-0.038486
-0.009814
0.024507
0.059263
0.094604
0.132590
0.168206
0.176234
0.162768
0.141851
0.120959
0.096137
0.083330
0.067257
0.044958
0.026556
0.012435
0.000964
-0.010445
-0.018986
-0.025408
-0.033676
-0.046160
-0.060912
-0.074730
-0.085363
-0.095436
-0.107619
-0.123181
-0.137060
-0.145650
-0.146923
-0.149647
-0.152041
-0.155144
-0.157762
-0.158823
-0.159161
-0.158603
-0.157606
-0.156047
-0.154803
-0.154848
-0.157256
-0.160564
-0.166896
-0.177091
-0.186695
-0.194161
-0.199458
-0.205417
-0.210992
-0.211629
-0.195091
-0.155239
-0.101591
-0.038310
0.024345
0.080014
0.138980
0.183837
0.192495
0.172944
0.137015
0.108634
0.089947
0.074115
0.067227
0.071024
0.085858
0.107905
0.125349
0.138844
0.155527
0.169474
0.175186
0.176469
0.175207
0.174182
0.171058
0.160625
0.136436
0.103845
0.075012
0.062320
0.056181
0.062720
0.086316
0.125471
0.161178
0.186238
0.206712
0.218842
0.228623
0.236725
0.242435
0.244379
0.243232
0.239025
0.231017
0.222446
0.210767
0.188354
0.153121
0.111743
0.050928
-0.018535
-0.083110
-0.143715
-0.182584
-0.180222
-0.175638
-0.181112
-0.186733
-0.185766
-0.168111
-0.135693
-0.102250
-0.064644
-0.007268
0.050653
0.112658
0.169793
0.195615
0.191756
0.193448
0.199543
0.202339
0.201325
0.199321
0.198948
0.198995
0.199367
0.199883
0.200102
0.198870
0.195457
0.189544
0.184440
0.179988
0.174750
0.167331
0.159484
0.153815
0.147660
0.137958
0.123060
0.107876
0.095016
0.084543
0.080117
0.082778
0.092432
0.107787
0.121442
0.132061
0.139856
0.143476
0.146934
0.145698
0.142490
0.137228
0.129310
0.119348
0.104244
0.083580
0.056068
0.017730
-0.034247
-0.077372
-0.125789
-0.159939
-0.191717
-0.221124
-0.236701
-0.242543
-0.245341
-0.249008
-0.250086
-0.250771
-0.251792
-0.253758
-0.255549
-0.255466
-0.251460
-0.240886
-0.227780
-0.213933
-0.195474
-0.175985
-0.156911
-0.141602
-0.132666
-0.128245
-0.123554
-0.118523
-0.114614
-0.109889
-0.102539
-0.092291
-0.084957
-0.080373
-0.073767
-0.066929
-0.061899
-0.057277
-0.051572
-0.044507
-0.035092
-0.025510
-0.015740
-0.007651
-0.000691
0.003136
0.001910
-0.001455
-0.008146
-0.014639
-0.019531
-0.022607
-0.023894
-0.017759
-0.004468
0.010527
0.028826
0.051431
0.079600
0.104316
0.128327
0.147885
0.152252
0.147747
0.135055
0.116235
0.098567
0.082444
0.067242
0.052666
0.040618
0.032332
0.023043
0.013331
0.002966
-0.009173
-0.024165
-0.040563
-0.057839
-0.074843
-0.089264
-0.102794
-0.114572
-0.123442
-0.128977
-0.130111
-0.129675
-0.125893
-0.118725
-0.110352
-0.100635
-0.093661
-0.088524
-0.081143
-0.072706
-0.065876
-0.060867
-0.058100
-0.057684
-0.060877
-0.065567
-0.072007
-0.078354
-0.083034
-0.084615
-0.084845
-0.080433
-0.070919
-0.056358
-0.036624
-0.020340
-0.006584
0.003342
0.006245
0.003863
-0.000376
-0.003140
-0.004846
-0.004684
-0.004815
-0.003893
-0.002293
0.000170
0.004022
0.007897
0.012224
0.017473
0.023265
0.028057
0.031100
0.031934
0.033393
0.033689
0.031838
0.028840
0.024144
0.017483
0.009898
0.005026
0.000242
-0.005315
-0.010956
-0.014734
-0.014920
-0.014373
-0.013376
-0.013263
-0.014495
-0.017227
-0.019130
-0.019947
-0.020748
-0.020811
-0.019671
-0.018186
-0.015633
-0.012250
-0.008639
-0.005341
-0.002675
0.000596
0.007039
0.016002
0.025368
0.033826
0.038707
0.042385
0.042783
0.040886
0.037294
0.035194
0.033962
0.031472
0.028968
0.027613
0.027257
0.026220
0.025547
0.025965
0.026282
0.026191
0.025730
0.024143
0.020744
0.017096
0.011960
0.004152
-0.004023
-0.010848
-0.016543
-0.021074
-0.024304
-0.026060
-0.022448
-0.011397
0.005380
0.023684
0.033480
0.042085
0.045746
0.046698
0.047409
0.045391
0.045358
0.046994
0.050480
0.053420
0.055677
0.057085
0.057626
0.056580
0.052061
0.039831
0.025096
0.008207
-0.009895
-0.026571
-0.037935
-0.045274
-0.045668
-0.041474
-0.034788
-0.024985
-0.018686
-0.016711
-0.016834
-0.022935
-0.036521
-0.047554
-0.056104
-0.062903
-0.070095
-0.075537
-0.077116
-0.076248
-0.070182
-0.062787
-0.053436
-0.043193
-0.033127
-0.025901
-0.021062
-0.020366
-0.023424
-0.029578
-0.033834
-0.035981
-0.035019
-0.031623
-0.022814
-0.013128
-0.003209
0.005188
0.012511
0.018394
0.022856
0.026638
0.031361
0.037536
0.042679
0.047177
0.051109
0.054358
0.056515
0.058788
0.061646
0.065389
0.069391
0.072447
0.074696
0.076018
0.077208
0.077406
0.076560
0.074377
0.070399
0.066651
0.062711
0.057891
0.053731
0.051640
0.050236
0.049864
0.050764
0.052754
0.055924
0.059150
0.062731
0.065725
0.067708
0.068228
0.067228
0.063770
0.061188
0.058729
0.055699
0.053013
0.051715
0.051634
0.052102
0.053684
0.055665
0.056579
0.055098
0.053131
0.050545
0.047443
0.043591
0.038724
0.033907
0.029673
0.026845
0.024529
0.022363
0.019209
0.015359
0.011032
0.005880
-0.000790
-0.008143
-0.015298
-0.021520
-0.026984
-0.031256
-0.034165
-0.036356
-0.036789
-0.035534
-0.033773
-0.031427
-0.027307
-0.020680
-0.015360
-0.010430
-0.004624
0.001513
0.007550
0.012954
0.016973
0.019772
0.020455
0.020351
0.019424
0.017183
0.014635
0.011364
0.007161
0.000756
-0.008190
-0.017742
-0.026500
-0.034035
-0.039615
-0.041776
-0.043230
-0.042342
-0.040699
-0.038525
-0.036785
-0.036125
-0.037362
-0.038996
-0.040836
-0.042578
-0.044848
-0.048067
-0.050978
-0.054041
-0.057737
-0.061867
-0.065564
-0.067929
-0.070875
-0.075227
-0.077944
-0.077657
-0.075267
-0.071393
-0.065417
-0.058861
-0.052025
-0.045614
-0.038405
-0.029395
-0.020960
-0.014658
-0.009194
-0.006191
-0.003952
-0.003028
-0.002065
-0.002490
-0.006217
-0.011060
-0.016969
-0.022368
-0.026534
-0.028236
-0.028890
-0.028351
-0.027375
-0.026165
-0.024917
-0.023737
-0.022320
-0.020357
-0.018729
-0.018244
-0.018372
-0.019505
-0.021521
-0.024185
-0.026761
-0.029757
-0.032675
-0.033969
-0.034813
-0.036126
-0.038218
-0.040670
-0.042347
-0.044081
-0.046422
-0.048388
-0.049096
-0.048094
-0.045765
-0.041360
-0.035480
-0.027453
-0.018381
-0.008344
0.001278
0.009693
0.015590
0.019571
0.020182
0.021011
0.020915
0.020510
0.020826
0.022620
0.025395
0.029240
0.033469
0.038018
0.042267
0.045595
0.047291
0.048431
0.048760
0.049477
0.050229
0.050140
0.049200
0.047215
0.045383
0.043901
0.043651
0.044221
0.045864
0.047541
0.049002
0.049398
0.049117
0.047005
0.043700
0.039204
0.034344
0.029211
0.023283
0.017332
0.011825
0.006832
0.001072
-0.005221
-0.010370
-0.014477
-0.017628
-0.021068
-0.024269
-0.027137
-0.029256
-0.030059
-0.029956
-0.029336
-0.028499
-0.028296
-0.028423
-0.027750
-0.027299
-0.028040
-0.028555
-0.028344
-0.027531
-0.025602
-0.022313
-0.018804
-0.015276
-0.010510
-0.003896
0.002555
0.009107
0.016379
0.023575
0.028264
0.030176
0.030089
0.029362
0.029175
0.030249
0.032954
0.036342
0.040746
0.046494
0.051691
0.055695
0.058667
0.060499
0.061384
0.060898
0.058693
0.056575
0.054142
0.051945
0.049868
0.047826
0.046007
0.044797
0.044025
0.042964
0.040854
0.037563
0.032241
0.025896
0.018716
0.010268
0.001445
-0.007721
-0.016695
-0.024419
-0.030759
-0.036043
-0.040497
-0.042971
-0.045003
-0.046526
-0.047688
-0.048562
-0.049330
-0.051272
-0.054021
-0.056538
-0.058078
-0.058262
-0.058226
-0.057085
-0.053983
-0.049668
-0.044152
-0.038316
-0.032135
-0.027050
-0.023561
-0.021368
-0.021598
-0.024012
-0.026243
-0.028393
-0.030310
-0.031293
-0.030638
-0.029284
-0.027154
-0.025030
-0.022639
-0.020213
-0.018516
-0.018439
-0.019450
-0.022334
-0.025321
-0.027448
-0.028490
-0.029962
-0.031037
-0.030811
-0.029400
-0.026359
-0.023038
-0.019962
-0.018273
-0.017417
-0.016636
-0.016571
-0.017698
-0.017674
-0.016150
-0.013450
-0.010924
-0.008338
-0.005650
-0.002722
0.000419
0.003002
0.004206
0.004703
0.005892
0.007269
0.008345
0.008498
0.007405
0.006661
0.006093
0.004913
0.003795
0.003620
0.004455
0.006246
0.007953
0.010241
0.013885
0.017836
0.021975
0.025350
0.027993
0.029887
0.030980
0.031291
0.032016
0.032647
0.032855
0.033187
0.034154
0.035587
0.037413
0.039039
0.040485
0.041628
0.042368
0.041976
0.040632
0.037881
0.033704
0.028805
0.022882
0.017041
0.011991
0.008374
0.005333
0.004701
0.006622
0.009551
0.012756
0.015288
0.017482
0.019401
0.020383
0.020258
0.019695
0.018169
0.016539
0.014552
0.012428
0.011074
0.011049
0.011053
0.011644
0.013054
0.014319
0.015119
0.015290
0.014554
0.012802
0.010395
0.007714
0.005512
0.003196
0.000262
-0.002524
-0.004607
-0.005797
-0.005837
-0.004900
-0.003852
-0.002188
-0.000166
0.002563
0.005602
0.007179
0.006168
0.005446
0.004249
0.002835
0.001503
0.000489
-0.000119
0.000009
0.000470
0.001000
0.001825
0.003176
0.004849
0.005678
0.005616
0.004643
0.002953
0.000894
-0.000259
-0.000903
-0.001577
-0.002260
-0.003136
-0.004262
-0.005409
-0.006093
-0.006451
-0.006556
-0.006978
-0.007481
-0.007918
-0.008721
-0.010373
-0.012221
-0.014057
-0.014916
-0.013946
-0.010629
-0.008111
-0.005487
-0.002730
-0.000867
-0.000686
-0.000727
-0.001016
-0.001553
-0.001655
-0.000441
0.001322
0.003785
0.006774
0.010035
0.012642
0.014119
0.013756
0.013168
0.011523
0.008166
0.004084
-0.000562
-0.005568
-0.010521
-0.014543
-0.018819
-0.023137
-0.026640
-0.029322
-0.031155
-0.032798
-0.033541
-0.033438
-0.032579
-0.030753
-0.029044
-0.027380
-0.025705
-0.024646
-0.024717
-0.024754
-0.025081
-0.026269
-0.027940
-0.029236
-0.030419
-0.031345
-0.031489
-0.030739
-0.029519
-0.028304
-0.026908
-0.025516
-0.023936
-0.022031
-0.020289
-0.018889
-0.017227
-0.015244
-0.013091
-0.010618
-0.007817
-0.005415
-0.003353
-0.000948
0.001369
0.003054
0.004139
0.004030
0.003317
0.001601
-0.001091
-0.003921
-0.006440
-0.008754
-0.010199
-0.010597
-0.009858
-0.008410
-0.006732
-0.004901
-0.002815
-0.000587
0.000941
0.001682
0.001462
0.001470
0.002204
0.004020
0.006581
0.009119
0.011861
0.014800
0.016821
0.018490
0.020625
0.022293
0.022705
0.022719
0.022494
0.022597
0.023216
0.024690
0.026393
0.028356
0.030295
0.032005
0.033373
0.035016
0.036565
0.036899
0.036513
0.036259
0.035703
0.034672
0.034053
0.033751
0.033365
0.033217
0.033255
0.032340
0.030205
0.027566
0.024012
0.018948
0.013730
0.008239
0.003057
-0.001147
-0.004529
-0.008453
-0.012289
-0.015457
-0.018420
-0.021135
-0.023569
-0.025401
-0.026379
-0.027222
-0.027522
-0.026565
-0.024171
-0.019824
-0.015136
-0.009761
-0.003753
0.002174
0.006707
0.010451
0.013355
0.015320
0.015748
0.015151
0.013725
0.012340
0.011015
0.009700
0.008931
0.008975
0.010177
0.012646
0.016571
0.018384
0.019176
0.020533
0.021590
0.021813
0.021907
0.021764
0.021446
0.020611
0.018990
0.017581
0.015910
0.013687
0.011651
0.010012
0.007804
0.005802
0.005026
0.004609
0.004879
0.005594
0.007153
0.009400
0.011094
0.011176
0.010531
0.009227
0.007324
0.004333
-0.000194
-0.004504
-0.008113
-0.010153
-0.011406
-0.012028
-0.013158
-0.014304
-0.015273
-0.016630
-0.018368
-0.019761
-0.020926
-0.022150
-0.023440
-0.024256
-0.023929
-0.023010
-0.021606
-0.019955
-0.017567
-0.014441
-0.011525
-0.009867
-0.007821
-0.005277
-0.003504
-0.002669
-0.002668
-0.003098
-0.003763
-0.004225
-0.004993
-0.006407
-0.007951
-0.009526
-0.011522
-0.014111
-0.017135
-0.020266
-0.023648
-0.026820
-0.029427
-0.031124
-0.032330
-0.032681
-0.032488
-0.032329
-0.032370
-0.032037
-0.031223
-0.030458
-0.029861
-0.029651
-0.029641
-0.029740
-0.029613
-0.029573
-0.029766
-0.029574
-0.028729
-0.028025
-0.027262
-0.026077
-0.024275
-0.021675
-0.019520
-0.017077
-0.013686
-0.010542
-0.008460
-0.006743
-0.005928
-0.005859
-0.006160
-0.006724
-0.007082
-0.007167
-0.006847
-0.006435
-0.006132
-0.006028
-0.006035
-0.006215
-0.006671
-0.007125
-0.006586
-0.005293
-0.003753
-0.001911
0.000422
0.002028
0.003081
0.003885
0.004256
0.004415
0.005513
0.007196
0.008872
0.010784
0.013266
0.015602
0.018091
0.020959
0.023435
0.024868
0.025831
0.025941
0.025981
0.026391
0.027179
0.027495
0.027636
0.028083
0.028500
0.028659
0.028637
0.028457
0.028188
0.028048
0.028051
0.028148
0.028860
0.029697
0.029853
0.030195
0.030830
0.031135
0.030924
0.031036
0.030954
0.029880
0.028222
0.025863
0.022812
0.018880
0.014692
0.011031
0.007696
0.004066
0.000727
-0.001828
-0.004433
-0.007029
-0.009538
-0.011782
-0.013566
-0.015195
-0.016765
-0.018316
-0.019343
-0.019662
-0.019758
-0.019260
-0.018004
-0.016365
-0.014317
-0.012409
-0.010717
-0.009511
-0.008849
-0.008887
-0.009168
-0.009851
-0.010633
-0.010919
-0.010640
-0.010261
-0.009776
-0.008806
-0.007402
-0.006217
-0.006472
-0.006983
-0.007251
-0.007852
-0.008952
-0.009936
-0.010644
-0.011023
-0.011479
-0.011859
-0.012135
-0.012592
-0.013376
-0.013970
-0.014316
-0.014376
-0.014211
-0.013567
-0.012836
-0.011897
-0.010850
-0.010155
-0.009997
-0.009779
-0.009850
-0.010085
-0.009203
-0.007343
-0.006386
-0.006134
-0.005999
-0.005233
-0.004090
-0.003575
-0.003329
-0.003135
-0.002919
-0.002729
-0.002488
-0.002235
-0.001856
-0.001130
0.000201
0.001938
0.003929
0.006135
0.008188
0.009788
0.010885
0.011779
0.012396
0.012517
0.012061
0.011651
0.011371
0.011108
0.010522
0.009462
0.008237
0.007281
0.006964
0.006842
0.006922
0.007126
0.007542
0.008122
0.008165
0.007803
0.007351
0.006659
0.005556
0.004317
0.002944
0.001542
0.000193
-0.000983
-0.001736
-0.001964
-0.001445
-0.000808
0.000377
0.001779
0.003154
0.004321
0.005258
0.005847
0.006307
0.006464
0.006281
0.006483
0.006989
0.007613
0.008244
0.008731
0.009081
0.009437
0.010091
0.011018
0.012268
0.013028
0.012778
0.011203
0.009432
0.007171
0.005091
0.003598
0.003138
0.003161
0.003909
0.005284
0.007514
0.010187
0.012461
0.014151
0.015661
0.016862
0.017794
0.018798
0.020022
0.021113
0.022131
0.023201
0.024018
0.024100
0.023464
0.022178
0.021512
0.020855
0.019597
0.018108
0.016512
0.015155
0.014218
0.013983
0.013823
0.014023
0.014555
0.014895
0.014674
0.014439
0.013849
0.012669
0.011555
0.010855
0.010020
0.009275
0.009120
0.009592
0.010684
0.011533
0.012471
0.013782
0.015267
0.016785
0.018055
0.019019
0.019757
0.020294
0.020492
0.020517
0.020174
0.019625
0.018476
0.016082
0.013010
0.009512
0.005972
0.001542
-0.003930
-0.007876
-0.010720
-0.012685
-0.014442
-0.015373
-0.015224
-0.014663
-0.014019
-0.013469
-0.013077
-0.012986
-0.013402
-0.014630
-0.015939
-0.017001
-0.017555
-0.018328
-0.019544
-0.020188
-0.020129
-0.019844
-0.019158
-0.017464
-0.015074
-0.012575
-0.012077
-0.012472
-0.012844
-0.012399
-0.011345
-0.011009
-0.011354
-0.012108
-0.012141
-0.011417
-0.010727
-0.009983
-0.009098
-0.007850
-0.006539
-0.006433
-0.006931
-0.007020
-0.007207
-0.007683
-0.007899
-0.007919
-0.008251
-0.008858
-0.009675
-0.010337
-0.010789
-0.011198
-0.011612
-0.012067
-0.012545
-0.012808
-0.012488
-0.011903
-0.011647
-0.011629
-0.011917
-0.012287
-0.012741
-0.013277
-0.014134
-0.015394
-0.016164
-0.016376
-0.016061
-0.015506
-0.014715
-0.013727
-0.012713
-0.012069
-0.011494
-0.010879
-0.010412
-0.010063
-0.009538
-0.009121
-0.008954
-0.008609
-0.008257
-0.008381
-0.008530
-0.008078
-0.007477
-0.006705
-0.005920
-0.005104
-0.004324
-0.003579
-0.002852
-0.002172
-0.001661
-0.001347
-0.001011
-0.000774
-0.001042
-0.001689
-0.001726
-0.001284
-0.000655
-0.000075
0.000687
0.001793
0.003101
0.004140
0.004594
0.004122
0.003519
0.002799
0.002167
0.001517
0.001070
0.001391
0.002707
0.004163
0.006005
0.008353
0.010021
0.010831
0.011436
0.011102
0.009520
0.007853
0.005620
0.002859
0.000316
-0.001175
-0.002500
-0.004837
-0.007030
-0.008158
-0.008653
-0.008950
-0.009513
-0.009724
-0.009154
-0.008464
-0.007649
-0.007049
-0.006293
-0.005103
-0.003876
-0.002589
-0.001255
-0.000223
0.000290
0.001182
0.002497
0.003204
0.003179
0.002815
0.002110
0.001185
0.000953
0.001155
0.000785
0.000036
-0.000831
-0.001224
-0.000909
-0.000276
0.000251
0.000076
0.000081
0.000434
0.000755
0.000937
0.000915
0.000961
0.001699
0.003120
0.005276
0.007266
0.009207
0.011436
0.013530
0.014866
0.015698
0.016240
0.016981
0.017503
0.017533
0.017414
0.017371
0.017612
0.018272
0.019032
0.019211
0.018478
0.018086
0.018098
0.017785
0.017272
0.016853
0.016636
0.016678
0.016791
0.017226
0.018095
0.018715
0.018636
0.018372
0.017421
0.015690
0.013401
0.010278
0.006644
0.002698
-0.000615
-0.003612
-0.005984
-0.007334
-0.007979
-0.008782
-0.009229
-0.008940
-0.008508
-0.007679
-0.006585
-0.005309
-0.003700
-0.001777
0.000344
0.001795
0.003202
0.005285
0.007031
0.007712
0.008088
0.007968
0.007900
0.008021
0.008467
0.009097
0.009637
0.009525
0.009036
0.008699
0.008306
0.007787
0.007362
0.006543
0.004779
0.002953
0.001242
0.000127
-0.000445
-0.000710
-0.000892
-0.000809
-0.000860
-0.001059
-0.001345
-0.001626
-0.002037
-0.002984
-0.004547
-0.006453
-0.008152
-0.009172
-0.009912
-0.010284
-0.010313
-0.010162
-0.009889
-0.009427
-0.008497
-0.007070
-0.005093
-0.002537
-0.000380
0.001534
0.003892
0.006013
0.007145
0.007966
0.008037
0.007520
0.006539
0.005559
0.004429
0.002994
0.001547
0.000288
-0.000491
-0.001144
-0.002000
-0.003279
-0.005028
-0.006584
-0.007342
-0.007096
-0.007439
-0.007810
-0.007614
-0.007479
-0.007629
-0.007423
-0.007031
-0.007231
-0.007201
-0.005994
-0.004559
-0.003088
-0.001698
-0.000248
0.001291
0.002823
0.004411
0.006103
0.007757
0.008753
0.008845
0.009307
0.009642
0.009425
0.009253
0.009400
0.009424
0.009319
0.009339
0.009006
0.008078
0.007647
0.008165
0.009060
0.009443
0.008283
0.007146
0.006023
0.004823
0.003576
0.002378
0.000923
-0.000915
-0.002453
-0.003359
-0.003478
-0.003673
-0.004049
-0.004741
-0.005573
-0.006309
-0.007266
-0.008728
-0.010452
-0.012165
-0.013580
-0.015233
-0.017314
-0.019048
-0.020981
-0.023562
-0.025591
-0.026356
-0.027364
-0.028363
-0.028980
-0.029318
-0.029279
-0.028900
-0.028275
-0.027759
-0.027232
-0.026574
-0.025703
-0.024531
-0.023205
-0.021728
-0.019998
-0.018182
-0.016424
-0.015088
-0.013956
-0.012666
-0.011482
-0.010674
-0.010187
-0.010149
-0.010130
-0.010024
-0.009890
-0.009967
-0.010235
-0.010424
-0.010711
-0.011258
-0.011824
-0.012286
-0.012552
-0.012732
-0.012941
-0.012891
-0.012199
-0.011279
-0.010606
-0.010607
-0.010262
-0.009222
-0.008081
-0.006884
-0.005741
-0.004534
-0.003216
-0.001788
-0.000120
0.001706
0.003295
0.004390
0.005983
0.008292
0.010233
0.012157
0.014416
0.016452
0.017728
0.018560
0.018530
0.018058
0.017243
0.015976
0.014738
0.013739
0.013093
0.012567
0.012520
0.013523
0.015473
0.016729
0.017601
0.018384
0.019016
0.019301
0.019775
0.020226
0.020357
0.020425
0.020545
0.020743
0.020990
0.021185
0.021040
0.020130
0.018670
0.016820
0.015307
0.013571
0.011432
0.009947
0.009140
0.008265
0.007419
0.007004
0.007077
0.007428
0.007158
0.006523
0.005499
0.004184
0.002440
0.000709
-0.000651
-0.001245
-0.001721
-0.001932
-0.001649
-0.000838
0.000261
0.001494
0.002546
0.002508
0.002240
0.002957
0.003593
0.003532
0.003434
0.003277
0.003170
0.003458
0.004328
0.004968
0.005630
0.006526
0.007538
0.008524
0.009219
0.009576
0.009902
0.010273
0.010795
0.011234
0.011622
0.012202
0.012721
0.012944
0.013306
0.013989
0.014369
0.014510
0.014721
0.014720
0.014251
0.013795
0.013455
0.013114
0.012324
0.010883
0.009706
0.008705
0.007325
0.005910
0.004810
0.003479
0.002047
0.001210
0.000627
-0.000066
-0.000284
0.000029
0.000025
0.000023
0.000250
0.000199
-0.000511
-0.001384
-0.002207
-0.002876
-0.004121
-0.006049
-0.007162
-0.007645
-0.007986
-0.008318
-0.008376
-0.008373
-0.008526
-0.009021
-0.009547
-0.010195
-0.010853
-0.010657
-0.009397
-0.009557
-0.011210
-0.010793
-0.009393
-0.008651
-0.007713
-0.006176
-0.005063
-0.004119
-0.002761
-0.001043
0.000992
0.002721
0.003955
0.004605
0.005111
0.005401
0.004991
0.003973
0.003386
0.002782
0.001764
0.000662
-0.000551
-0.001933
-0.003447
-0.005129
-0.007002
-0.009083
-0.011130
-0.012983
-0.014551
-0.016085
-0.017451
-0.018603
-0.019268
-0.019267
-0.019529
-0.019745
-0.019720
-0.019657
-0.019667
-0.019584
-0.019123
-0.018365
-0.018018
-0.018092
-0.018105
-0.018289
-0.018649
-0.019091
-0.019658
-0.020418
-0.021421
-0.022325
-0.023137
-0.023772
-0.024182
-0.024326
-0.024120
-0.023489
-0.022910
-0.022222
-0.021330
-0.020331
-0.019296
-0.018305
-0.017125
-0.015566
-0.013941
-0.012395
-0.010760
-0.008870
-0.006708
-0.004439
-0.002277
0.000050
0.002542
0.004646
0.006536
0.008375
0.009659
0.010150
0.010935
0.011566
0.011472
0.010952
0.010196
0.009753
0.009679
0.010034
0.010704
0.011685
0.012639
0.013844
0.015248
0.016508
0.017241
0.017450
0.016971
0.016226
0.015189
0.013619
0.011790
0.009922
0.008508
0.007191
0.005785
0.004408
0.003227
0.002400
0.002305
0.003163
0.003643
0.004110
0.004798
0.005563
0.006204
0.006466
0.006351
0.006452
0.006958
0.007415
0.006480
0.004541
0.004015
0.004043
0.003824
0.003067
0.002276
0.002169
0.002257
0.002343
0.002590
0.003172
0.003847
0.004756
0.006056
0.007323
0.008529
0.009577
0.010881
0.012563
0.013710
0.014065
0.014133
0.014006
0.014087
0.014353
0.014462
0.013918
0.013152
0.012745
0.012270
0.011685
0.011318
0.011095
0.010692
0.009957
0.008754
0.007365
0.006098
0.005176
0.003637
0.001846
0.001203
0.000861
0.000338
0.000030
0.000430
0.001345
0.001635
0.000878
0.000898
0.001667
0.001787
0.001538
0.001291
0.001365
0.001692
0.001862
0.001803
0.001600
0.001664
0.001886
0.001517
0.000077
-0.002334
-0.004007
-0.004833
-0.005724
-0.006755
-0.007649
-0.008119
-0.008310
-0.008866
-0.009494
-0.009972
-0.010425
-0.010942
-0.011537
-0.012048
-0.012318
-0.012423
-0.012370
-0.012307
-0.011650
-0.010146
-0.009223
-0.008792
-0.007738
-0.006291
-0.004806
-0.003770
-0.003266
-0.002895
-0.002705
-0.002481
-0.002103
-0.001585
-0.001112
-0.000703
-0.000423
-0.000178
0.000021
0.000248
0.000357
0.000259
0.000268
0.000402
0.000425
0.000393
0.000442
0.000596
0.000917
0.001250
0.001674
0.002175
0.002569
0.002805
0.003077
0.003217
0.003057
0.002784
0.002488
0.002176
0.001767
0.001273
0.000823
0.000484
0.000147
-0.000072
-0.000180
-0.000638
-0.001616
-0.002227
-0.002617
-0.003120
-0.003786
-0.004446
-0.004554
-0.004445
-0.004561
-0.004535
-0.004310
-0.004549
-0.004991
-0.005284
-0.005862
-0.006961
-0.007877
-0.008700
-0.009513
-0.010188
-0.010538
-0.010710
-0.010747
-0.010771
-0.010647
-0.010198
-0.009719
-0.009323
-0.008936
-0.007959
-0.006401
-0.005930
-0.006101
-0.006013
-0.005647
-0.004899
-0.004078
-0.003205
-0.002458
-0.001844
-0.001456
-0.001208
-0.001305
-0.001764
-0.002092
-0.002076
-0.002241
-0.002478
-0.002427
-0.001936
-0.000907
-0.000291
0.000384
0.001425
0.001892
0.001366
0.001414
0.001851
0.002211
0.002326
0.002225
0.002502
0.002808
0.002749
0.002708
0.002751
0.002697
0.002539
0.002441
0.002640
0.002707
0.001907
0.001268
0.002120
0.003295
0.004337
0.004825
0.005303
0.006277
0.007179
0.007863
0.008417
0.008651
0.008443
0.008286
0.008260
0.008433
0.008859
0.009480
0.010087
0.010866
0.011957
0.013018
0.013675
0.014472
0.015281
0.015519
0.015342
0.015181
0.015045
0.014843
0.014631
0.014301
0.013748
0.013161
0.012556
0.011967
0.011416
0.010920
0.010395
0.009944
0.009729
0.009577
0.009322
0.008875
0.008330
0.007969
0.007463
0.006459
0.005143
0.003454
0.001912
0.000403
-0.001141
-0.002557
-0.003857
-0.004997
-0.005769
-0.006229
-0.007246
-0.008050
-0.008262
-0.009661
-0.012035
-0.012985
-0.012953
-0.012874
-0.013103
-0.013347
-0.013328
-0.013365
-0.013644
-0.013820
-0.013892
-0.014110
-0.014365
-0.014526
-0.014560
-0.014521
-0.014584
-0.014606
-0.014323
-0.013690
-0.012939
-0.012750
-0.012666
-0.012121
-0.010843
-0.009016
-0.007823
-0.006980
-0.006353
-0.005838
-0.005506
-0.005207
-0.005006
-0.004810
-0.004233
-0.003723
-0.004040
-0.004110
-0.003383
-0.003080
-0.002831
-0.002004
-0.001392
-0.001534
-0.001585
-0.001564
-0.001325
-0.000807
-0.000016
0.000524
0.000893
0.001261
0.001639
0.002002
0.002261
0.002411
0.002591
0.002847
0.003257
0.003833
0.004586
0.005491
0.006537
0.007597
0.008299
0.008837
0.009473
0.009993
0.010222
0.010353
0.010372
0.010328
0.010297
0.010421
0.010733
0.011010
0.010942
0.010757
0.010430
0.009820
0.009238
0.008965
0.008131
0.006476
0.005351
0.004723
0.004376
0.004024
0.003716
0.003438
0.003325
0.003416
0.003369
0.003202
0.003111
0.002964
0.002739
0.002845
0.003146
0.002981
0.002628
0.002555
0.002700
0.002973
0.003132
0.003200
0.003144
0.003019
0.002757
0.002356
0.001723
0.000906
0.000121
-0.000697
-0.001608
-0.002438
-0.003013
-0.003599
-0.004135
-0.004454
-0.004663
-0.004976
-0.005265
-0.005231
-0.004606
-0.003551
-0.002735
-0.002591
-0.003134
-0.003714
-0.004557
-0.005615
-0.006718
-0.007784
-0.008589
-0.009157
-0.009617
-0.009985
-0.010005
-0.009636
-0.009195
-0.009141
-0.009017
-0.008773
-0.008667
-0.008626
-0.008448
-0.008104
-0.007708
-0.007496
-0.007190
-0.006497
-0.005788
-0.005171
-0.004767
-0.004499
-0.004224
-0.003911
-0.003506
-0.003063
-0.002664
-0.002351
-0.001872
-0.000986
0.000023
0.001016
0.001770
0.002462
0.003113
0.003607
0.003785
0.003826
0.003819
0.003730
0.003536
0.003158
0.002731
0.002319
0.001979
0.001743
0.001638
0.001494
0.001249
0.000996
0.001059
0.001347
0.001307
0.001149
0.001111
0.001330
0.001726
0.001980
0.002332
0.002866
0.003172
0.003488
0.004446
0.005521
0.005798
0.005496
0.004819
0.004497
0.004243
0.003804
0.003181
0.002384
0.001720
0.001072
0.000290
-0.000608
-0.001332
-0.001843
-0.002741
-0.003977
-0.004859
-0.005493
-0.006117
-0.007186
-0.008869
-0.010625
-0.011847
-0.012192
-0.012667
-0.013113
-0.013050
-0.012653
-0.012002
-0.011332
-0.010775
-0.010519
-0.010283
-0.009657
-0.008934
-0.008274
-0.007846
-0.007603
-0.007375
-0.006959
-0.006418
-0.006143
-0.005677
-0.004661
-0.003964
-0.003852
-0.003037
-0.001932
-0.001261
-0.000635
0.000081
0.000561
0.000745
0.001032
0.001412
0.001793
0.001983
0.002026
0.002147
0.002294
0.002443
0.002649
0.002931
0.003201
0.003478
0.003767
0.004030
0.004364
0.004900
0.005450
0.005760
0.006086
0.006536
0.007094
0.007588
0.007924
0.008509
0.009390
0.009994
0.010764
0.012049
0.012934
0.013048
0.013729
0.014786
0.015507
0.016011
0.016430
0.016976
0.017513
0.017881
0.018057
0.018008
0.017990
0.018014
0.017991
0.017811
0.017531
0.017619
0.018075
0.018244
0.017843
0.016831
0.016137
0.015721
0.014903
0.013874
0.012908
0.011815
0.010320
0.008706
0.007207
0.006029
0.004652
0.003255
0.002567
0.002254
0.001727
0.001324
0.001186
0.000843
0.000608
0.000861
0.001112
0.001042
0.000498
0.000236
0.001120
0.002043
0.002332
0.002450
0.002471
0.002588
0.002629
0.002635
0.002985
0.003534
0.003628
0.003714
0.004177
0.004797
0.005420
0.005738
0.005823
0.005836
0.005892
0.005760
0.005253
0.004634
0.004179
0.003367
0.002020
0.001025
0.000115
-0.001024
-0.002037
-0.002718
-0.003332
-0.003832
-0.004204
-0.004536
-0.004802
-0.004929
-0.005091
-0.005282
-0.005454
-0.005605
-0.005710
-0.005836
-0.006174
-0.006826
-0.007278
-0.007295
-0.007537
-0.007941
-0.008281
-0.008616
-0.008885
-0.008883
-0.008599
-0.008783
-0.009308
-0.009304
-0.008997
-0.008772
-0.008612
-0.008366
-0.007987
-0.007660
-0.007591
-0.007598
-0.007646
-0.007845
-0.008040
-0.008055
-0.008261
-0.008785
-0.008927
-0.008596
-0.008040
-0.007242
-0.006346
-0.006081
-0.006299
-0.005889
-0.005230
-0.004881
-0.004865
-0.005166
-0.005253
-0.005185
-0.005069
-0.005182
-0.005672
-0.006075
-0.006392
-0.006854
-0.007536
-0.008433
-0.009343
-0.010154
-0.010623
-0.011027
-0.011733
-0.012379
-0.012680
-0.012749
-0.012370
-0.011711
-0.010961
-0.010250
-0.009731
-0.009558
-0.009338
-0.009042
-0.008616
-0.008248
-0.007957
-0.007416
-0.006542
-0.005584
-0.004599
-0.003867
-0.003601
-0.003976
-0.004009
-0.003923
-0.003986
-0.004095
-0.004233
-0.004421
-0.004672
-0.004740
-0.004630
-0.004522
-0.004440
-0.004419
-0.004525
-0.004775
-0.004990
-0.005101
-0.005102
-0.005284
-0.005656
-0.005749
-0.005651
-0.005663
-0.005608
-0.005361
-0.005185
-0.004989
-0.004543
-0.004100
-0.003919
-0.003497
-0.002662
-0.001943
-0.001255
-0.000506
0.000325
0.001189
0.001873
0.002458
0.003238
0.003969
0.004411
0.004928
0.005527
0.005581
0.005047
0.004639
0.004200
0.003453
0.002453
0.001320
0.000454
-0.000258
-0.000920
-0.001340
-0.001105
-0.000592
-0.000200
-0.000413
-0.000534
-0.000089
0.000439
0.000813
0.000783
0.000672
0.000893
0.001245
0.001336
0.000714
-0.000377
-0.000718
-0.000681
-0.000662
-0.001105
-0.001808
-0.001984
-0.001818
-0.001618
-0.001518
-0.001568
-0.001494
-0.000992
0.000095
0.001155
0.001901
0.002795
0.004004
0.005208
0.005949
0.005905
0.005950
0.006478
0.006690
0.006490
0.006368
0.006292
0.006172
0.005956
0.005511
0.004836
0.004075
0.003725
0.003273
0.002379
0.001570
0.001158
0.001181
0.001109
0.000385
-0.000056
0.000331
0.000644
0.000810
0.000707
0.000658
0.000911
0.001321
0.001844
0.002088
0.002379
0.003063
0.003770
0.004435
0.005424
0.006640
0.007464
0.008198
0.009245
0.010325
0.011139
0.011574
0.011645
0.011882
0.012177
0.012393
0.012511
0.012514
0.012533
0.012547
0.012558
0.012553
0.012572
0.012664
0.012768
0.012708
0.012612
0.012661
0.012743
0.012687
0.012314
0.011779
0.011681
0.011752
0.011949
0.012384
0.012844
0.012669
0.012212
0.012011
0.011726
0.011264
0.011017
0.010778
0.010251
0.009791
0.009537
0.009134
0.008684
0.008374
0.008024
0.007547
0.007095
0.006506
0.005604
0.004610
0.003771
0.003272
0.002926
0.002057
0.000849
-0.000182
-0.000642
-0.000593
-0.000817
-0.001336
-0.002219
-0.003100
-0.003916
-0.004420
-0.004791
-0.005296
-0.005717
-0.005912
-0.005980
-0.005736
-0.005254
-0.004862
-0.004725
-0.004565
-0.004414
-0.004414
-0.004493
-0.004457
-0.004306
-0.004095
-0.004089
-0.004164
-0.004100
-0.003937
-0.003642
-0.003291
-0.002843
-0.002478
-0.002158
-0.001869
-0.001593
-0.001347
-0.001177
-0.001260
-0.001595
-0.001658
-0.001460
-0.001669
-0.002085
-0.002383
-0.002684
-0.003064
-0.003440
-0.003847
-0.004332
-0.004852
-0.005289
-0.005551
-0.005667
-0.005798
-0.006066
-0.005994
-0.005396
-0.005022
-0.004844
-0.004682
-0.004250
-0.003453
-0.002968
-0.002834
-0.002633
-0.002427
-0.002284
-0.002210
-0.002216
-0.002208
-0.002371
-0.002887
-0.003483
-0.003862
-0.003917
-0.003849
-0.004342
-0.005202
-0.006168
-0.006655
-0.006864
-0.007326
-0.007809
-0.008169
-0.008533
-0.008813
-0.008932
-0.009212
-0.009670
-0.009665
-0.009397
-0.009785
-0.010363
-0.010643
-0.010487
-0.010072
-0.010041
-0.010033
-0.009826
-0.009944
-0.010505
-0.010528
-0.009905
-0.008935
-0.008410
-0.008357
-0.007949
-0.007372
-0.006900
-0.006556
-0.006242
-0.005728
-0.005149
-0.004836
-0.004549
-0.004142
-0.003752
-0.003443
-0.003193
-0.002964
-0.002695
-0.002433
-0.002377
-0.002676
-0.003016
-0.003013
-0.003132
-0.003416
-0.003403
-0.003128
-0.002743
-0.002264
-0.001606
-0.000821
-0.000065
0.000275
0.000592
0.001141
0.001673
0.001975
0.001956
0.001960
0.002096
0.002034
0.001705
0.001363
0.001016
0.000684
0.000318
-0.000109
-0.000512
-0.000712
-0.000594
-0.000517
-0.000409
-0.000115
0.000324
0.000798
0.001341
0.001955
0.002465
0.002930
0.003496
0.004082
0.004582
0.004930
0.005013
0.004920
0.004819
0.004792
0.004737
0.004526
0.004138
0.003978
0.004391
0.004637
0.004509
0.004197
0.003911
0.003948
0.004063
0.004354
0.004771
0.005252
0.005580
0.005773
0.005848
0.006106
0.006393
0.006460
0.006346
0.006120
0.006115
0.006248
0.006247
0.006028
0.005617
0.005402
0.005081
0.004352
0.003809
0.003912
0.004225
0.004817
0.005275
0.005673
0.006107
0.006575
0.007034
0.007420
0.007851
0.008292
0.008617
0.008665
0.008585
0.008418
0.008350
0.008206
0.007880
0.007593
0.007304
0.006847
0.006357
0.006016
0.005640
0.005185
0.004703
0.004049
0.003196
0.002540
0.002168
0.001840
0.001500
0.001134
0.000745
0.000322
-0.000062
-0.000362
-0.000496
-0.000548
-0.000550
-0.000623
-0.000605
-0.000269
0.000343
0.001094
0.001498
0.001782
0.002262
0.002843
0.003397
0.003695
0.003960
0.004394
0.004634
0.004422
0.004169
0.003740
0.003239
0.002734
0.002193
0.001515
0.000700
-0.000116
-0.000749
-0.001109
-0.001606
-0.002225
-0.002898
-0.003493
-0.003844
-0.003997
-0.004001
-0.003878
-0.003371
-0.002577
-0.002495
-0.002919
-0.002885
-0.002725
-0.002571
-0.002190
-0.001582
-0.001207
-0.000804
-0.000194
0.000358
0.000765
0.001026
0.001274
0.001598
0.001956
0.002196
0.002174
0.002278
0.002798
0.002963
0.002845
0.003234
0.003853
0.004199
0.004317
0.004577
0.005428
0.006203
0.006085
0.005816
0.005323
0.004723
0.004145
0.003827
0.003443
0.002886
0.002290
0.001873
0.001774
0.001462
0.000848
0.000465
0.000812
0.001790
0.001594
-0.000023
-0.000439
-0.000210
-0.000295
-0.000682
-0.001502
-0.002653
-0.003635
-0.003898
-0.004565
-0.005755
-0.006766
-0.007605
-0.008255
-0.008644
-0.008740
-0.008891
-0.008954
-0.008710
-0.008019
-0.007132
-0.007059
-0.007627
-0.008265
-0.008476
-0.008403
-0.008562
-0.008845
-0.009026
-0.008811
-0.008422
-0.008634
-0.009099
-0.009287
-0.009341
-0.009411
-0.009572
-0.009625
-0.009428
-0.009228
-0.008949
-0.008485
-0.007870
-0.007207
-0.006436
-0.005606
-0.005131
-0.004776
-0.004179
-0.003625
-0.003426
-0.003536
-0.003487
-0.002745
-0.002003
-0.001781
-0.001846
-0.002029
-0.001762
-0.001367
-0.001112
-0.001083
-0.001045
-0.000642
-0.000505
-0.001029
-0.001415
-0.001625
-0.001953
-0.002296
-0.002538
-0.002803
-0.003074
-0.003287
-0.003552
-0.003933
-0.004172
-0.004398
-0.004999
-0.005724
-0.006030
-0.005855
-0.005369
-0.005265
-0.005247
-0.005020
-0.004728
-0.004497
-0.004426
-0.004367
-0.004146
-0.003910
-0.003716
-0.003537
-0.003063
-0.002197
-0.001826
-0.002336
-0.002332
-0.002030
-0.001839
-0.001696
-0.001602
-0.001580
-0.001373
-0.000739
-0.000251
-0.000290
-0.000423
-0.000456
-0.000047
0.000196
0.000017
0.000178
0.000446
0.000155
0.000273
0.001164
0.001128
0.000333
0.000521
0.001159
0.001433
0.001605
0.001853
0.002151
0.002420
0.002694
0.003138
0.003822
0.004273
0.004280
0.004211
0.004196
0.004142
0.003930
0.003586
0.003105
0.002624
0.002078
0.001488
0.001130
0.000940
0.000556
0.000279
0.000348
0.000382
0.000272
0.000060
-0.000067
0.000031
0.000279
0.000848
0.001610
0.001901
0.001193
0.000963
0.001414
0.001864
0.002433
0.003051
0.003411
0.003430
0.003702
0.003951
0.003982
0.004218
0.004792
0.005188
0.005530
0.005941
0.006257
0.006502
0.007076
0.007825
0.008345
0.008493
0.008161
0.008006
0.008250
0.009086
0.009673
0.009562
0.009677
0.009910
0.010052
0.010175
0.010244
0.010044
0.009769
0.009903
0.009884
0.009361
0.008983
0.008985
0.009192
0.009124
0.008471
0.007766
0.007232
0.007059
0.006902
0.006491
0.005853
0.005047
0.004425
0.003918
0.003421
0.002763
0.002346
0.002522
0.002440
0.001655
0.001168
0.001097
0.001279
0.001299
0.001024
0.000992
0.001124
0.001088
0.000938
0.000727
0.000545
0.000402
0.000298
0.000242
0.000244
0.000223
0.000208
0.000305
0.000554
0.000940
0.001170
0.001291
0.001576
0.001868
0.002026
0.002143
0.002283
0.002487
0.002595
0.002495
0.002495
0.002591
0.002611
0.002692
0.002896
0.002878
0.002642
0.002607
0.002841
0.003303
0.003619
0.003637
0.003332
0.002765
0.002286
0.002082
0.002072
0.001878
0.001584
0.001193
0.000633
-0.000059
-0.000614
-0.001318
-0.002287
-0.002985
-0.003405
-0.003984
-0.004575
-0.004987
-0.005272
-0.005422
-0.005613
-0.005749
-0.005869
-0.006200
-0.006264
-0.005350
-0.004262
-0.003544
-0.003052
-0.002782
-0.002539
-0.002269
-0.001962
-0.001764
-0.001716
-0.001778
-0.001908
-0.002067
-0.002124
-0.002136
-0.002260
-0.002485
-0.002767
-0.002907
-0.002832
-0.002732
-0.003116
-0.004168
-0.004742
-0.004992
-0.005215
-0.005482
-0.005784
-0.005958
-0.006061
-0.006177
-0.006236
-0.006279
-0.006564
-0.006833
-0.006808
-0.006893
-0.007153
-0.007253
-0.007200
-0.007136
-0.007219
-0.007358
-0.007169
-0.006859
-0.006677
-0.006317
-0.005709
-0.005377
-0.005113
-0.004635
-0.004214
-0.003918
-0.003579
-0.003351
-0.003355
-0.003207
-0.002777
-0.002613
-0.002597
-0.002470
-0.002315
-0.002180
-0.002063
-0.001944
-0.001876
-0.001952
-0.002196
-0.002292
-0.002375
-0.002589
-0.002785
-0.002731
-0.002384
-0.002264
-0.002861
-0.003206
-0.003148
-0.003230
-0.003241
-0.002975
-0.002834
-0.002917
-0.002930
-0.002806
-0.002575
-0.002561
-0.002799
-0.002816
-0.002724
-0.002714
-0.002770
-0.002871
-0.002984
-0.003089
-0.003176
-0.003371
-0.003808
-0.004381
-0.004660
-0.004190
-0.003687
-0.003327
-0.003186
-0.003108
-0.002957
-0.002963
-0.003197
-0.003460
-0.003779
-0.004143
-0.004464
-0.004696
-0.004824
-0.004917
-0.004906
-0.004706
-0.004354
-0.004170
-0.004038
-0.003855
-0.003574
-0.003186
-0.002758
-0.002283
-0.001726
-0.001137
-0.000506
0.000152
0.000816
0.001427
0.001908
0.002192
0.002381
0.002527
0.002765
0.002988
0.003161
0.003287
0.003271
0.003141
0.003241
0.003491
0.003455
0.003296
0.003242
0.003212
0.003153
0.003099
0.003114
0.003179
0.003203
0.003348
0.003783
0.004331
0.004960
0.005499
0.005905
0.006142
0.006350
0.006493
0.006651
0.006770
0.006818
0.006945
0.007148
0.007262
0.007461
0.007919
0.008317
0.008566
0.008783
0.009250
0.010068
0.010474
0.010170
0.009944
0.009891
0.010086
0.010201
0.010211
0.010201
0.010089
0.009809
0.009518
0.009206
0.008825
0.008337
0.007746
0.007153
0.006609
0.006167
0.005663
0.004985
0.004478
0.004163
0.003669
0.002838
0.001799
0.001428
0.001723
0.001748
0.001767
0.001942
0.001895
0.001677
0.001705
0.001896
0.002107
0.002079
0.001890
0.001844
0.001935
0.002092
0.002057
0.001995
0.002178
0.002342
0.002438
0.002821
0.003379
0.003541
0.003435
0.003262
0.003427
0.003815
0.003998
0.003919
0.003620
0.003575
0.003608
0.003379
0.002907
0.002274
0.001890
0.001632
0.001345
0.001037
0.000595
-0.000064
-0.000634
-0.000743
-0.000886
-0.001371
-0.001908
-0.002279
-0.002421
-0.002789
-0.003346
-0.003473
-0.003443
-0.003698
-0.004007
-0.004194
-0.004160
-0.003999
-0.003884
-0.003832
-0.003893
-0.004094
-0.004280
-0.004284
-0.004477
-0.004894
-0.005226
-0.005545
-0.005808
-0.005741
-0.005376
-0.005259
-0.005273
-0.005121
-0.004519
-0.003677
-0.003453
-0.003635
-0.003763
-0.003594
-0.003248
-0.003079
-0.003005
-0.002889
-0.002593
-0.002226
-0.002140
-0.002206
-0.002172
-0.002011
-0.001832
-0.001801
-0.001726
-0.001565
-0.001805
-0.002255
-0.002040
-0.001568
-0.001538
-0.001839
-0.002275
-0.002294
-0.001795
-0.001283
-0.000973
-0.000801
-0.000852
-0.000918
-0.001002
-0.001321
-0.001575
-0.001394
-0.001344
-0.001711
-0.001890
-0.001860
-0.001776
-0.001813
-0.002004
-0.002022
-0.002026
-0.002214
-0.002372
-0.002405
-0.002514
-0.002577
-0.002478
-0.002504
-0.002738
-0.002916
-0.003045
-0.003187
-0.003451
-0.003793
-0.003849
-0.003636
-0.003333
-0.003153
-0.003071
-0.002888
-0.002636
-0.002410
-0.002338
-0.002329
-0.001974
-0.001606
-0.001648
-0.001700
-0.001643
-0.001481
-0.001357
-0.001414
-0.001497
-0.001498
-0.001306
-0.001142
-0.001293
-0.001538
-0.001826
-0.002100
-0.002446
-0.002783
-0.002812
-0.002600
-0.002646
-0.002702
-0.002463
-0.002094
-0.001721
-0.001551
-0.001386
-0.001030
-0.000681
-0.000379
-0.000051
0.000287
0.000479
0.000372
0.000203
-0.000056
-0.000226
-0.000248
-0.000095
0.000073
0.000304
0.000563
0.000917
0.001390
0.001805
0.002101
0.002335
0.002564
0.002849
0.003077
0.003157
0.003182
0.003068
0.002820
0.002658
0.002467
0.001704
0.000931
0.000953
0.001082
0.000925
0.000720
0.000542
0.000362
0.000215
0.000165
0.000118
-0.000046
-0.000404
-0.000606
-0.000422
-0.000223
-0.000019
0.000187
0.000417
0.000638
0.000766
0.000873
0.001067
0.001291
0.001507
0.001692
0.001681
0.001408
0.001344
0.001722
0.001888
0.001903
0.001946
0.002027
0.002131
0.002223
0.002275
0.002254
0.002196
0.002121
0.001938
0.001683
0.001526
0.001569
0.001594
0.001630
0.001663
0.001773
0.001977
0.002064
0.002038
0.002048
0.002179
0.002376
0.002311
0.002177
0.002403
0.002627
0.002575
0.002455
0.002381
0.002543
0.002689
0.002689
0.002733
0.002795
0.002747
0.002544
0.002214
0.002072
0.002072
0.002032
0.002003
0.002191
0.002743
0.003415
0.003364
0.002907
0.002365
0.002239
0.002428
0.002294
0.002053
0.001924
0.001957
0.002015
0.001869
0.001772
0.001904
0.002011
0.001960
0.001721
0.001502
0.001341
0.001045
0.000675
0.000495
0.000285
-0.000188
-0.000809
-0.001306
-0.001262
-0.001099
-0.001098
-0.001260
-0.001686
-0.002282
-0.002785
-0.003052
-0.003388
-0.003748
-0.003990
-0.004248
-0.004622
-0.004945
-0.005123
-0.005265
-0.005791
-0.006742
-0.007033
-0.006760
-0.007010
-0.007311
-0.007302
-0.007350
-0.007517
-0.007589
-0.007539
-0.007490
-0.007700
-0.008043
-0.008005
-0.007770
-0.007679
-0.007771
-0.007955
-0.008039
-0.008207
-0.008557
-0.008803
-0.008793
-0.008601
-0.008459
-0.008567
-0.008346
-0.007739
-0.007571
-0.007458
-0.006951
-0.006593
-0.006454
-0.006033
-0.005519
-0.005137
-0.004517
-0.003732
-0.003683
-0.003874
-0.003506
-0.003059
-0.002647
-0.001962
-0.001198
-0.001044
-0.000814
-0.000136
0.000339
0.000581
0.001004
0.001498
0.001948
0.002395
0.002861
0.003395
0.004203
0.005248
0.005769
0.005545
0.005637
0.005794
0.005784
0.005868
0.006100
0.006152
0.006201
0.006506
0.006885
0.007290
0.007754
0.008191
0.008422
0.008585
0.008773
0.009007
0.009178
0.009177
0.009091
0.008933
0.008712
0.008235
0.007520
0.007127
0.007491
0.007932
0.008245
0.008206
0.008004
0.007919
0.007889
0.007836
0.007703
0.007501
0.007317
0.007393
0.007740
0.007755
0.007660
0.007735
0.007728
0.007571
0.007555
0.007622
0.007620
0.007560
0.007460
0.007451
0.007545
0.007688
0.007667
0.007371
0.007147
0.006946
0.006735
0.006476
0.006090
0.005607
0.005018
0.004492
0.003905
0.003221
0.002661
0.002205
0.001627
0.001065
0.000666
0.000366
0.000117
-0.000168
-0.000264
0.000008
0.000262
0.000378
0.000333
0.000307
0.000347
0.000304
0.000161
0.000044
-0.000046
-0.000165
-0.000416
-0.000845
-0.001315
-0.001766
-0.002072
-0.002324
-0.002553
-0.002790
-0.002879
-0.002766
-0.002809
-0.003078
-0.003210
-0.003015
-0.002400
-0.001851
-0.001759
-0.001905
-0.002188
-0.002104
-0.001986
-0.002004
-0.001926
-0.001704
-0.001556
-0.001620
-0.001929
-0.002097
-0.001992
-0.001778
-0.001503
-0.001360
-0.001460
-0.001791
-0.001785
-0.001605
-0.001610
-0.001520
-0.001268
-0.001347
-0.001743
-0.001794
-0.001454
-0.000826
-0.000391
-0.000227
-0.000231
-0.000074
0.000479
0.000573
-0.000172
-0.000499
-0.000488
-0.000495
-0.000593
-0.000793
-0.000953
-0.001076
-0.001143
-0.001058
-0.000853
-0.000967
-0.001450
-0.001585
-0.001584
-0.001759
-0.001965
-0.002168
-0.002454
-0.002722
-0.002699
-0.002599
-0.002595
-0.002744
-0.002951
-0.002956
-0.002921
-0.002997
-0.002984
-0.002829
-0.002779
-0.002706
-0.002456
-0.002227
-0.002110
-0.001942
-0.001747
-0.001635
-0.001603
-0.001598
-0.001433
-0.001149
-0.001020
-0.000982
-0.000938
-0.000895
-0.000897
-0.000924
-0.001003
-0.001180
-0.001429
-0.001705
-0.001851
-0.001890
-0.001984
-0.002192
-0.002561
-0.002930
-0.003203
-0.003310
-0.003471
-0.003894
-0.004143
-0.003989
-0.003733
-0.003651
-0.004127
-0.004871
-0.005556
-0.005702
-0.005497
-0.005642
-0.005814
-0.005831
-0.005872
-0.005907
-0.005744
-0.005584
-0.005578
-0.005284
-0.004566
-0.004147
-0.003959
-0.003857
-0.003760
-0.003608
-0.003396
-0.003238
-0.003363
-0.003620
-0.003679
-0.003441
-0.002828
-0.002399
-0.002070
-0.001769
-0.001509
-0.001427
-0.001611
-0.001830
-0.001492
-0.001197
-0.001294
-0.001252
-0.001016
-0.000863
-0.000845
-0.000901
-0.000864
-0.000673
-0.000614
-0.000655
-0.000668
-0.000655
-0.000534
-0.000175
0.000323
0.000498
0.000494
0.000577
0.000831
0.001322
0.001810
0.002229
0.002336
0.002378
0.002450
0.002434
0.002346
0.002349
0.002338
0.002160
0.001919
0.001642
0.001495
0.001436
0.001383
0.001283
0.001076
0.000839
0.000610
0.000535
0.000540
0.000588
0.000640
0.000752
0.000955
0.001127
0.001157
0.001266
0.001547
0.001709
0.001868
0.002219
0.002564
0.002741
0.002839
0.002886
0.002958
0.002951
0.002830
0.002759
0.002775
0.002789
0.002900
0.003098
0.003027
0.002473
0.002053
0.001843
0.001921
0.001911
0.001671
0.001658
0.001823
0.001746
0.001562
0.001523
0.001577
0.001698
0.001719
0.001693
0.001673
0.001654
0.001650
0.001688
0.001745
0.001683
0.001405
0.000992
0.001018
0.001412
0.001490
0.001536
0.001705
0.001725
0.001631
0.001776
0.002028
0.002110
0.001954
0.001560
0.001451
0.001571
0.001774
0.001892
0.001822
0.001765
0.001725
0.001764
0.001784
0.001750
0.001747
0.001746
0.001655
0.001538
0.001501
0.001486
0.001456
0.001362
0.001254
0.001201
0.001173
0.001155
0.001127
0.001126
0.001144
0.001057
0.000824
0.000702
0.000655
0.000476
0.000308
0.000281
0.000184
0.000010
-0.000061
-0.000046
0.000000
0.000024
-0.000014
-0.000144
-0.000217
-0.000085
-0.000022
-0.000176
-0.000293
-0.000400
-0.000507
-0.000548
-0.000501
-0.000537
-0.000623
-0.000599
-0.000574
-0.000678
-0.000805
-0.000944
-0.001052
-0.001069
-0.001004
-0.001088
-0.001292
-0.001218
-0.000954
-0.000726
-0.000645
-0.000805
-0.000977
-0.001150
-0.001155
-0.001136
-0.001161
-0.001137
-0.001091
-0.001124
-0.001146
-0.001056
-0.001016
-0.000996
-0.000868
-0.000739
-0.000736
-0.000691
-0.000588
-0.000547
-0.000506
-0.000403
-0.000372
-0.000519
-0.000681
-0.000763
-0.000590
-0.000350
-0.000211
-0.000241
-0.000379
-0.000369
-0.000356
-0.000417
-0.000443
-0.000431
-0.000467
-0.000492
-0.000453
-0.000446
-0.000473
-0.000441
-0.000377
-0.000333
-0.000298
-0.000266
-0.000238
-0.000212
-0.000189
-0.000195
-0.000241
-0.000253
-0.000223
-0.000200
-0.000199
-0.000230
-0.000268
-0.000308
-0.000333
-0.000364
-0.000406
-0.000418
-0.000400
-0.000419
-0.000447
-0.000437
-0.000406
-0.000363
-0.000331
-0.000296
-0.000261
-0.000242
-0.000245
-0.000237
-0.000227
-0.000232
-0.000248
-0.000270
-0.000274
-0.000249
-0.000209
-0.000169
-0.000155
-0.000150
-0.000139
-0.000093
-0.000062
-0.000090
-0.000104
-0.000074
-0.000067
-0.000072
-0.000062
-0.000039
-0.000009
0.000004
0.000019
0.000066
0.000138
0.000210
0.000211
0.000126
0.000040
-0.000025
-0.000033
-0.000048
-0.000083
-0.000119
-0.000133
-0.000122
-0.000140
-0.000191
-0.000208
-0.000218
-0.000254
-0.000276
-0.000277
-0.000291
-0.000302
-0.000295
-0.000295
-0.000312
-0.000315
-0.000330
-0.000373
-0.000379
-0.000321
-0.000282
-0.000249
-0.000210
-0.000186
-0.000185
-0.000168
-0.000142
-0.000125
-0.000109
-0.000090
-0.000073
-0.000061
-0.000053
-0.000053
-0.000054
-0.000041
-0.000022
-0.000022
-0.000023
-0.000007
0.000015
0.000035
0.000043
0.000056
0.000089
0.000111
0.000113
0.000125
0.000145
0.000161
0.000169
0.000171
0.000181
0.000193
0.000196
0.000199
0.000206
0.000209
0.000208
0.000207
0.000208
0.000212
0.000214
0.000215
0.000214
0.000212
0.000212
0.000211
0.000209
0.000203
0.000195
0.000190
0.000184
0.000177
0.000171
0.000165
0.000156
0.000147
0.000138
0.000129
0.000121
0.000114
0.000106
0.000095
0.000087
0.000081
0.000077
0.000073
0.000069
0.000064
0.000061
0.000061
0.000061
0.000060
0.000057
0.000055
0.000053
0.000053
0.000052
0.000052
0.000052
0.000051
0.000051
0.000051
0.000051
0.000052
0.000052
0.000052
0.000053
0.000053
0.000054
0.000054
0.000055
0.000055
0.000055
0.000056
0.000056
0.000056
0.000056
0.000056
0.000057
0.000057
0.000057
0.000057
0.000057
0.000057
0.000057
0.000058
0.000058
0.000058
0.000058
0.000058
0.000058
0.000058
0.000058
0.000059
0.000059
0.000059
0.000059
0.000059
0.000059
0.000059
0.000060
0.000060
0.000060
0.000060
0.000060
0.000061
0.000061
0.000061
0.000062
0.000062
0.000062
0.000062
0.000063
0.000063
0.000063
0.000064
