-0.002434
-0.002454
-0.002474
-0.002494
-0.002514
-0.002534
-0.002554
-0.002573
-0.002591
-0.002609
-0.002627
-0.002644
-0.002661
-0.002679
-0.002694
-0.002707
-0.002718
-0.002727
-0.002734
-0.002744
-0.002754
-0.002764
-0.002774
-0.002785
-0.002794
-0.002796
-0.002796
-0.002794
-0.002789
-0.002782
-0.002773
-0.002761
-0.002747
-0.002730
-0.002709
-0.002689
-0.002680
-0.002673
-0.002667
-0.002662
-0.002659
-0.002657
-0.002658
-0.002662
-0.002667
-0.002676
-0.002693
-0.002697
-0.002648
-0.002589
-0.002529
-0.002453
-0.002377
-0.002291
-0.002202
-0.002101
-0.002002
-0.001885
-0.001768
-0.001646
-0.001515
-0.001266
-0.000997
-0.000619
-0.000263
-0.000718
-0.001357
-0.001003
-0.000525
-0.000054
0.000653
0.001110
0.000254
0.000050
0.001228
0.002492
0.003858
0.004385
0.003353
0.002007
0.000723
0.000722
0.001108
0.001344
0.001785
0.002198
0.002488
0.002472
0.002479
0.002449
0.002418
0.002356
0.002311
0.002235
0.002173
0.002089
0.002000
0.001902
0.001810
0.001665
0.001705
0.002105
0.002539
0.002952
0.003437
0.003707
0.003575
0.003385
0.003228
0.003011
0.002814
0.002602
0.002407
0.002195
0.001999
0.001794
0.001578
0.001304
0.001037
0.000763
0.000483
0.000203
-0.000063
-0.000334
-0.000682
-0.001213
-0.001881
-0.002499
-0.001813
-0.000116
0.001850
0.003847
0.002754
-0.000396
-0.001058
-0.001465
-0.002358
-0.002754
-0.002924
-0.002967
-0.003159
-0.003182
-0.003346
-0.003386
-0.003599
-0.003485
-0.003656
-0.004248
-0.003900
0.001891
0.001812
0.000121
0.001731
0.004464
0.006303
0.005273
0.004405
0.003394
0.002736
0.002914
0.003301
0.003546
0.003987
0.004331
0.004757
0.005126
0.005511
0.005816
0.006487
0.006867
0.003837
-0.000003
-0.003247
-0.004494
-0.004119
-0.004012
-0.003552
-0.003465
-0.002455
0.000672
0.003092
0.001327
-0.000803
-0.002585
-0.000834
0.001379
0.002253
0.002412
0.002513
0.002612
0.002407
0.001989
0.001583
0.001165
0.000743
0.000306
-0.000097
-0.000548
-0.000965
-0.001384
-0.001797
-0.002330
-0.002456
-0.001431
-0.000250
0.000766
0.002067
0.003241
0.003430
0.002949
0.002575
0.002021
0.001998
0.002557
0.003250
0.003904
0.004713
0.004522
0.004033
0.004566
0.005699
0.005974
0.006072
0.005989
0.005593
0.004960
0.004426
0.004277
0.005541
0.006749
0.005211
0.001369
0.002241
0.003737
0.004559
0.004918
0.004706
0.004508
0.004242
0.004364
0.004632
0.004824
0.004987
0.005354
0.007057
0.008815
0.010630
0.012616
0.013176
0.011454
0.009565
0.007889
0.007110
0.006412
0.005689
0.005263
0.004924
0.004446
0.004182
0.003922
0.003062
0.002093
0.007047
0.013756
0.014307
0.007245
0.003890
0.006930
0.008272
0.008691
0.009606
0.009832
0.009586
0.009271
0.007647
0.005590
0.003844
0.000333
-0.006343
-0.013315
-0.020556
-0.027193
-0.027445
-0.026955
-0.027023
-0.026532
-0.026099
-0.025712
-0.025365
-0.025516
-0.025304
-0.020565
-0.014589
-0.016689
-0.021666
-0.026148
-0.028858
-0.029764
-0.031393
-0.032375
-0.026358
-0.019412
-0.013666
-0.007712
-0.005948
-0.008002
-0.010420
-0.012765
-0.014550
-0.011278
-0.006115
-0.002378
-0.001413
-0.000476
0.002700
0.005637
0.006735
0.008102
0.012027
0.016835
0.022606
0.027651
0.021798
0.016787
0.018173
0.018585
0.019222
0.022617
0.027267
0.032932
0.037748
0.027262
0.017805
0.016035
0.013431
0.014763
0.018210
0.021368
0.024828
0.028173
0.032091
0.035493
0.034800
0.033418
0.032908
0.031578
0.027469
0.021381
0.015354
0.008795
0.009003
0.012999
0.014776
0.009495
0.003902
-0.001623
-0.007226
-0.010652
-0.013498
-0.023069
-0.038007
-0.051760
-0.043426
-0.028340
-0.015974
-0.016194
-0.026193
-0.035332
-0.038977
-0.031572
-0.024161
-0.016648
-0.007796
0.000981
0.000119
-0.003971
-0.002787
-0.001835
-0.001538
0.003339
0.009123
0.012280
0.012025
0.011111
0.009611
0.007724
0.009006
0.014931
0.021747
0.028966
0.028501
0.014426
-0.001055
-0.006160
0.002288
0.011984
0.020950
0.031610
0.040469
0.044957
0.033500
0.017447
0.006296
0.006120
0.006998
0.006110
0.007059
0.007640
0.007993
0.002363
-0.004085
-0.009064
-0.004862
0.001333
0.004626
-0.004383
-0.015036
-0.024372
-0.033789
-0.038899
-0.027741
-0.011665
0.004561
0.021477
0.016047
0.006973
0.008703
0.010893
0.011621
0.003082
-0.007401
-0.005117
-0.001242
-0.005320
-0.011162
-0.012134
-0.003010
0.006136
-0.002643
-0.013861
-0.011123
-0.004332
0.001236
0.003964
0.005615
0.006783
0.001831
-0.004596
-0.010347
-0.006755
0.005234
0.018677
0.029460
0.021579
0.011340
0.008426
0.007591
0.007340
0.006896
0.006707
0.005579
0.004940
0.003999
0.002726
0.001512
0.007433
0.015873
0.023777
0.032258
0.041735
0.049404
0.048589
0.047383
0.045465
0.032489
0.018593
0.004549
-0.009684
-0.014101
-0.016653
-0.020244
-0.024855
-0.035230
-0.046612
-0.057673
-0.057736
-0.053083
-0.049446
-0.048441
-0.048424
-0.050094
-0.056527
-0.063241
-0.069557
-0.076859
-0.084126
-0.084661
-0.077506
-0.070303
-0.062942
-0.054876
-0.046888
-0.042019
-0.040217
-0.040703
-0.048462
-0.057461
-0.065576
-0.074699
-0.084203
-0.091211
-0.088123
-0.083954
-0.081094
-0.077312
-0.068116
-0.053149
-0.038487
-0.023277
-0.006078
0.004796
-0.005051
-0.017600
-0.029185
-0.039268
-0.035343
-0.029992
-0.024610
-0.021276
-0.028361
-0.037032
-0.044803
-0.052903
-0.056787
-0.060421
-0.064603
-0.071645
-0.079172
-0.086648
-0.088684
-0.087766
-0.086552
-0.086607
-0.086853
-0.088031
-0.090539
-0.086619
-0.056718
-0.022565
0.003483
0.009982
0.013751
0.023223
0.032338
0.041913
0.051279
0.061290
0.070776
0.080948
0.090780
0.095603
0.097121
0.099171
0.100638
0.102083
0.103399
0.104980
0.106443
0.107532
0.107294
0.106430
0.105189
0.104061
0.107000
0.111122
0.115688
0.120098
0.123876
0.126368
0.130067
0.133511
0.136341
0.138910
0.139000
0.135863
0.131308
0.125439
0.124866
0.128609
0.124475
0.112541
0.099226
0.082317
0.062611
0.060191
0.059974
0.057660
0.057597
0.057193
0.052262
0.042983
0.034033
0.024698
0.015862
0.008035
0.000491
-0.007276
-0.014848
-0.022551
-0.029913
-0.037590
-0.045694
-0.052715
-0.051612
-0.049507
-0.048328
-0.046543
-0.043254
-0.036478
-0.029466
-0.022926
-0.015834
-0.007815
-0.001854
-0.009210
-0.018293
-0.026006
-0.035177
-0.043836
-0.053583
-0.062488
-0.063061
-0.059741
-0.056819
-0.053233
-0.055131
-0.058926
-0.063659
-0.067989
-0.062408
-0.052199
-0.043448
-0.033552
-0.022228
-0.011483
-0.019531
-0.031217
-0.033569
-0.020251
-0.005112
0.009099
0.025661
0.035794
0.038830
0.035927
0.032724
0.029021
0.024823
0.022496
0.024659
0.026818
0.029240
0.032699
0.031039
0.017885
0.003257
-0.011467
-0.020782
-0.015747
-0.009160
-0.002187
0.005303
0.001027
-0.005043
-0.010086
-0.016190
-0.021937
-0.028647
-0.034870
-0.033676
-0.027960
-0.022781
-0.016593
-0.010496
-0.009524
-0.011907
-0.014533
-0.017538
-0.012629
-0.003082
0.006170
0.015809
0.026095
0.035163
0.038748
0.037067
0.031043
0.024282
0.016817
0.005232
-0.006523
-0.018891
-0.030945
-0.034086
-0.035611
-0.038357
-0.039777
-0.041477
-0.044221
-0.050451
-0.056627
-0.058728
-0.053386
-0.047530
-0.041844
-0.039061
-0.038304
-0.037517
-0.036740
-0.035242
-0.031576
-0.018925
-0.002664
0.013866
0.026482
0.019132
0.009635
0.000876
-0.003155
0.003066
0.010142
0.017807
0.025755
0.021870
0.015210
0.009067
0.000875
-0.003092
0.009397
0.023656
0.036396
0.051305
0.065964
0.074232
0.075493
0.069542
0.062179
0.055286
0.047577
0.040236
0.032129
0.024603
0.023024
0.023212
0.022494
0.023334
0.023970
0.016328
0.001694
-0.013519
-0.029921
-0.036083
-0.025062
-0.012947
-0.000824
0.013812
0.018224
0.007287
-0.000763
-0.004139
-0.009382
-0.013918
-0.018561
-0.022795
-0.027514
-0.031696
-0.036249
-0.040792
-0.045621
-0.046431
-0.044236
-0.041335
-0.040889
-0.045382
-0.050839
-0.055254
-0.060510
-0.066582
-0.072504
-0.062418
-0.044895
-0.028050
-0.020751
-0.022240
-0.020599
-0.011627
-0.002564
0.006278
0.016792
0.021826
0.014427
0.005691
-0.002820
-0.012383
-0.011677
-0.007116
-0.002925
0.002302
0.007048
0.006121
0.004349
0.002941
0.002309
0.005221
0.008298
0.011215
0.014826
0.018081
0.016798
0.014692
0.013137
0.010809
0.009226
0.006961
0.000844
-0.007575
-0.017106
-0.026305
-0.015387
-0.000478
0.007047
0.003095
-0.002294
-0.006797
-0.013888
-0.015879
-0.006702
0.004139
0.007748
0.005666
0.002542
-0.000278
-0.002491
0.000176
0.003237
0.006675
0.005027
-0.003484
-0.012784
-0.013861
-0.006386
0.001821
0.010173
0.019879
0.021793
0.015175
0.007843
-0.000098
-0.008426
-0.002838
0.005169
0.011911
0.016019
0.016812
0.012556
0.008092
0.007785
0.007227
0.007404
0.007506
-0.001138
-0.010944
-0.008259
0.000992
0.010925
0.021118
0.021039
0.013663
0.006059
-0.000103
0.002000
0.004994
0.007454
0.010896
0.012968
0.012949
0.012504
0.012732
0.014461
0.016517
0.018341
0.020543
0.022494
0.024479
0.026650
0.028841
0.027905
0.024993
0.022190
0.019238
0.015757
0.013513
0.015487
0.018246
0.021006
0.022748
0.017768
0.012306
0.009091
0.006759
0.004359
0.001464
-0.002736
-0.006868
-0.011197
-0.015512
-0.019836
-0.024119
-0.028633
-0.032739
-0.036948
-0.041797
-0.046811
-0.042362
-0.029926
-0.017414
-0.003398
0.010484
0.009101
0.003044
-0.001716
-0.008222
-0.014712
-0.016681
-0.013910
-0.011342
-0.008526
-0.005516
-0.002507
0.002666
0.008740
0.014570
0.020665
0.026386
0.032926
0.039377
0.038601
0.030888
0.023274
0.015394
0.006917
-0.000321
-0.003989
-0.007305
-0.008374
-0.007027
-0.005489
-0.003491
-0.001995
-0.007219
-0.013470
-0.018965
-0.025070
-0.031131
-0.037313
-0.043463
-0.049360
-0.055561
-0.062374
-0.066267
-0.061979
-0.056685
-0.055208
-0.054786
-0.043277
-0.028908
-0.015894
-0.003395
0.002991
0.009267
0.015562
0.021685
0.025907
0.028896
0.031645
0.034571
0.037130
0.039965
0.041690
0.043563
0.044937
0.046583
0.048775
0.050626
0.043370
0.034452
0.026301
0.017506
0.008461
-0.001082
-0.007503
-0.005196
-0.002129
0.000380
0.003832
0.007162
0.010153
0.013238
0.019917
0.026956
0.028405
0.028962
0.030333
0.030114
0.026577
0.022787
0.022739
0.024594
0.026385
0.028751
0.031190
0.028384
0.022131
0.016023
0.009659
0.003079
-0.003679
-0.009796
-0.013836
-0.017613
-0.021351
-0.024997
-0.029411
-0.031915
-0.026436
-0.020090
-0.014486
-0.006871
-0.002215
-0.007533
-0.010177
-0.005444
-0.002010
0.001906
0.005794
0.010505
0.014383
0.015416
0.015120
0.015786
0.015467
0.015798
0.015314
0.016789
0.019250
0.023436
0.027456
0.023775
-0.000069
-0.028027
-0.047227
-0.021908
0.010608
0.027463
0.018616
0.010807
0.003200
-0.010048
-0.022358
-0.031973
-0.020572
-0.012374
-0.013771
-0.014390
-0.014365
-0.015614
-0.016447
-0.017592
-0.018301
-0.018797
-0.018445
-0.015677
-0.010953
-0.011445
-0.012465
-0.013335
-0.014482
-0.011056
-0.005942
-0.001197
0.003411
0.009104
0.015572
0.012983
-0.004155
-0.007241
-0.004064
-0.003835
-0.001722
0.000238
0.002654
0.003523
0.003818
0.003750
0.004023
0.003846
0.003851
0.005073
0.008071
0.009588
-0.000800
-0.012281
-0.011414
-0.010823
-0.011092
-0.009216
-0.005597
-0.009519
-0.017593
-0.025992
-0.034064
-0.033393
-0.031171
-0.030085
-0.028410
-0.026529
-0.018168
-0.009478
-0.000899
0.008714
0.015028
0.012705
0.012862
0.014067
0.014037
0.014704
0.014627
0.012966
0.010988
0.009395
0.007030
0.005029
0.007520
0.012907
0.017820
0.021975
0.024258
0.026710
0.029993
0.032413
0.021467
0.008878
-0.002526
-0.014997
-0.027257
-0.040864
-0.053532
-0.051607
-0.045426
-0.042695
-0.044774
-0.047666
-0.042371
-0.034275
-0.025900
-0.017088
-0.009078
-0.005134
-0.001255
0.002730
0.005433
0.006459
0.007504
0.008502
0.009477
0.010420
0.011192
0.012053
0.013905
0.012486
-0.000543
-0.014596
-0.015994
-0.009199
-0.002231
0.003313
0.007331
0.011257
0.014554
0.013728
0.012461
0.010863
0.010301
0.017562
0.025700
0.032981
0.041721
0.050136
0.052328
0.049427
0.046801
0.043912
0.040474
0.037021
0.037700
0.041551
0.046502
0.050802
0.041367
0.027585
0.015694
0.010286
0.007453
0.003315
0.000595
-0.002632
-0.005176
-0.011420
-0.019543
-0.027948
-0.036145
-0.044825
-0.053240
-0.062322
-0.068749
-0.070787
-0.071995
-0.073885
-0.074756
-0.076929
-0.080015
-0.084176
-0.087892
-0.089948
-0.086047
-0.082494
-0.078454
-0.074812
-0.069997
-0.065693
-0.063186
-0.059838
-0.030543
0.003055
0.025622
0.031724
0.035919
0.041474
0.044104
0.046043
0.047414
0.049034
0.051740
0.057785
0.063955
0.070266
0.076896
0.080768
0.083475
0.086631
0.084878
0.071769
0.058259
0.045476
0.030295
0.015774
0.016794
0.024678
0.031549
0.033172
0.027693
0.022170
0.016430
0.010232
0.004069
-0.002039
-0.008142
-0.014424
-0.020422
-0.026776
-0.032579
-0.038600
-0.046097
-0.052364
-0.038593
-0.022123
-0.007763
0.010104
0.026541
0.029159
0.028893
0.031097
0.032439
0.035217
0.037033
0.034299
0.027831
0.022303
0.015821
0.009029
0.002214
0.004782
0.008252
0.008621
0.006616
0.004736
0.002488
0.000261
-0.000865
-0.000808
-0.000833
-0.001470
-0.005908
-0.010442
-0.015113
-0.019699
-0.024333
-0.029748
-0.035060
-0.027662
-0.013626
0.000064
0.015665
0.030920
0.031009
0.027045
0.024118
0.019686
0.017998
0.018843
0.013335
0.005844
-0.004928
-0.023350
-0.039020
-0.050972
-0.062396
-0.064704
-0.063735
-0.063748
-0.062738
-0.062154
-0.061027
-0.060335
-0.059630
-0.060048
-0.060410
-0.056254
-0.044009
-0.031672
-0.019218
-0.005350
0.005503
0.003747
0.001426
0.008879
0.017873
0.026037
0.035205
0.044105
0.053545
0.062996
0.067874
0.063897
0.059483
0.056511
0.055665
0.054315
0.053275
0.053562
0.051716
0.033242
0.012392
-0.007329
-0.023868
-0.032472
-0.040953
-0.048965
-0.051161
-0.053020
-0.054937
-0.056354
-0.059064
-0.061717
-0.044507
-0.015590
0.009815
0.003681
-0.011954
-0.025229
-0.042344
-0.046618
-0.041425
-0.034703
-0.029168
-0.028056
-0.030204
-0.035223
-0.040090
-0.003900
0.046563
0.061963
0.065361
0.072185
0.075826
0.076773
0.075229
0.073012
0.040346
-0.004565
-0.028658
-0.038651
-0.043977
-0.036532
-0.026229
-0.016554
-0.008497
-0.007611
-0.005349
0.001963
0.009744
0.017116
0.018239
0.013638
0.008949
0.001455
-0.006487
-0.009599
-0.011036
-0.012659
-0.010147
-0.006037
-0.002169
0.002222
0.006908
0.011864
0.016849
0.019128
0.018109
0.016945
0.015745
0.015004
0.015094
0.015180
0.015445
0.015834
0.014012
0.009451
0.004835
0.000294
-0.004792
-0.009744
-0.011032
-0.010002
-0.009074
-0.007812
-0.006867
-0.005651
-0.001620
0.004104
0.009911
0.017428
0.025340
0.028989
0.027506
0.025757
0.024151
0.022909
0.022472
0.022634
0.020959
0.009633
-0.003758
-0.013253
-0.010875
-0.006501
-0.007522
-0.012077
-0.017576
-0.020197
-0.021046
-0.021529
-0.022178
-0.019448
-0.016501
-0.011002
-0.004337
0.002303
0.010374
0.017932
0.010187
-0.001883
-0.005113
-0.011080
-0.019215
-0.026614
-0.032701
-0.031624
-0.029946
-0.028688
-0.026716
-0.026123
-0.028187
-0.032442
-0.036161
-0.020066
0.007280
0.014063
0.015504
0.019410
0.021247
0.023291
0.024910
0.026770
0.029322
0.031719
0.021871
0.009057
0.006799
0.006540
0.006202
0.010518
0.015291
0.020307
0.024071
0.022276
0.019619
0.017757
0.014568
0.012138
0.013822
0.017457
0.021616
0.024874
0.013091
-0.000159
-0.012549
-0.026541
-0.036697
-0.040299
-0.043335
-0.043392
-0.039741
-0.036276
-0.032343
-0.028090
-0.028478
-0.032965
-0.037612
-0.041876
-0.047046
-0.052995
-0.053633
-0.039649
-0.024654
-0.010046
0.005979
0.018450
0.025715
0.030924
0.022531
0.010670
0.000450
-0.001718
0.005883
0.010425
0.013131
0.016028
0.019335
0.022049
0.022737
0.020872
0.019334
0.018453
0.017947
0.017436
0.021193
0.025111
0.028816
0.033245
0.037520
0.035863
0.031409
0.026623
0.021586
0.022113
0.028075
0.034320
0.040516
0.044161
0.046217
0.048267
0.050050
0.053878
0.058690
0.063033
0.067598
0.073574
0.078283
0.064572
0.041812
0.018398
-0.005778
-0.010656
-0.005999
-0.002334
0.002352
0.008118
0.014374
0.012172
-0.001854
-0.016148
-0.022209
-0.025479
-0.029038
-0.031833
-0.033772
-0.035418
-0.037344
-0.039228
-0.040519
-0.036815
-0.032552
-0.029439
-0.025543
-0.013179
0.001262
0.008054
0.006630
0.004540
0.002826
0.000101
-0.002278
-0.004902
-0.007298
-0.009796
-0.012415
-0.015231
-0.014480
-0.009273
-0.003759
0.001871
0.008265
0.010410
0.007823
0.009973
0.016110
0.021567
0.027415
0.033001
0.039568
0.046326
0.044478
0.030057
0.015382
0.003805
-0.005347
-0.014192
-0.012512
-0.002079
0.008031
0.008445
0.001265
-0.005209
-0.003377
0.001186
0.005195
0.010496
0.012624
0.009008
0.004667
0.000885
-0.003797
-0.008013
-0.012444
-0.017681
-0.025635
-0.034465
-0.042995
-0.042903
-0.036664
-0.030588
-0.023721
-0.016497
-0.014690
-0.016788
-0.018625
-0.020864
-0.023573
-0.024976
-0.024085
-0.022862
-0.022855
-0.024799
-0.027062
-0.029089
-0.031227
-0.033628
-0.036359
-0.035765
-0.028816
-0.021303
-0.013850
-0.005982
-0.002885
-0.000283
0.002703
0.005167
0.007815
0.010692
0.011591
0.008512
0.005075
0.001893
-0.001698
-0.005132
-0.008973
-0.012504
-0.012754
-0.011580
-0.010836
-0.009518
-0.008462
-0.008143
-0.008304
-0.008083
-0.008012
-0.007735
-0.010696
-0.014486
-0.018501
-0.023696
-0.028171
-0.016676
-0.002015
0.010055
0.011759
0.011367
0.015467
0.019206
0.023546
0.027293
0.031983
0.036950
0.038344
0.027064
0.014488
0.002479
-0.007272
-0.013680
-0.020672
-0.027248
-0.025277
-0.018974
-0.013143
-0.006260
0.000617
0.001781
-0.000382
-0.002241
-0.002860
-0.000847
0.001242
0.003342
0.005560
0.007869
0.010221
0.012116
0.012517
0.013124
0.013671
0.010576
0.005513
0.000681
-0.004486
-0.009485
-0.014984
-0.020349
-0.021605
-0.020585
-0.019997
-0.019154
-0.017987
-0.016362
-0.018830
-0.027764
-0.036650
-0.035745
-0.033314
-0.031493
-0.028800
-0.026489
-0.025445
-0.024866
-0.019749
-0.007977
0.004164
0.016478
0.028191
0.035197
0.041770
0.042771
0.034183
0.024632
0.015264
0.013402
0.017711
0.022072
0.027085
0.031667
0.031176
0.030063
0.029285
0.028249
0.027360
0.023859
0.015956
0.006963
-0.000116
0.002565
0.006343
0.009405
0.013934
0.014469
0.009715
0.004393
-0.000501
-0.006146
-0.011560
-0.017021
-0.022246
-0.028282
-0.033798
-0.032455
-0.028243
-0.024504
-0.020141
-0.016136
-0.011420
-0.004057
0.003857
0.009091
0.012858
0.016480
0.020723
0.023504
0.020459
0.016365
0.012579
0.008917
0.012364
0.016801
0.020612
0.020416
0.018410
0.016635
0.014558
0.012576
0.009537
0.004388
-0.000975
-0.006598
-0.012163
-0.012208
-0.010025
-0.008250
-0.005548
-0.003296
-0.004976
-0.005820
-0.003068
-0.000867
0.001368
0.004313
0.007073
0.003801
-0.000246
-0.001186
0.000424
0.002585
0.004458
0.001680
-0.003023
-0.007259
-0.012265
-0.017474
-0.019298
-0.017251
-0.015142
-0.013086
-0.011906
-0.011048
-0.010340
-0.009618
-0.008973
-0.008258
-0.007287
-0.007425
-0.011578
-0.016497
-0.020825
-0.021401
-0.021051
-0.021307
-0.021137
-0.021036
-0.018229
-0.015241
-0.012175
-0.009618
-0.009220
-0.009292
-0.009314
-0.008548
-0.003814
0.001343
0.006295
0.011474
0.016747
0.021888
0.027239
0.032272
0.036575
0.041454
0.043839
0.036099
0.027531
0.019624
0.010830
0.002231
-0.006766
-0.015715
-0.019541
-0.018762
-0.013435
-0.007151
-0.001080
0.005373
0.010878
0.016824
0.022397
0.020777
0.014531
0.008965
0.002639
-0.004418
-0.009246
-0.005162
-0.000500
0.003638
0.009345
0.012415
0.007148
0.000804
-0.005467
-0.012382
-0.009963
-0.004674
-0.000327
-0.002622
-0.007079
-0.010722
-0.015508
-0.020385
-0.021665
-0.016863
-0.011911
-0.006166
-0.001063
-0.005434
-0.010492
-0.007637
-0.004025
-0.000609
0.003261
0.007234
0.011286
0.015390
0.016856
0.017162
0.016458
0.015736
0.014704
0.013909
0.013140
0.010679
0.005186
-0.000912
-0.006884
-0.007662
-0.003879
0.000115
0.004180
0.005942
0.005322
0.004800
0.004199
0.003088
0.002510
0.005766
0.009669
0.013517
0.015134
0.010228
0.004868
0.000031
-0.005880
-0.011429
-0.011712
-0.009655
-0.010469
-0.012434
-0.014683
-0.017345
-0.019135
-0.012273
-0.004588
0.002155
0.009969
0.017093
0.021064
0.024528
0.028573
0.030730
0.030123
0.029286
0.027247
0.021527
0.015599
0.009660
0.005267
0.005211
0.005581
0.005661
0.006160
0.006166
0.005974
0.005609
0.006097
0.008410
0.010902
0.013337
0.015769
0.015854
0.015698
0.015620
0.014580
0.012639
0.010657
0.008787
0.006824
0.004978
0.003113
0.001343
-0.000339
-0.001983
-0.004609
-0.007474
-0.010363
-0.013389
-0.014984
-0.013212
-0.011270
-0.009665
-0.007582
-0.005714
-0.006310
-0.007392
-0.008029
-0.009039
-0.009921
-0.010706
-0.011524
-0.012275
-0.012779
-0.014220
-0.016321
-0.017015
-0.017385
-0.017851
-0.017327
-0.016761
-0.016162
-0.015541
-0.014913
-0.014317
-0.013634
-0.013425
-0.013433
-0.013414
-0.013359
-0.013314
-0.013010
-0.012480
-0.011981
-0.011471
-0.010917
-0.010331
-0.009803
-0.009241
-0.008637
-0.008050
-0.007468
-0.006508
-0.005274
-0.004118
-0.003013
-0.002019
-0.001042
-0.000095
0.000759
0.001421
0.002328
0.004378
0.006322
0.007116
0.007408
0.007628
0.007774
0.007839
0.007813
0.007450
0.007066
0.006786
0.006610
0.006427
0.006218
0.006042
0.005976
0.005887
0.005736
0.005514
0.005273
0.005034
0.004773
0.004510
0.004243
0.003980
0.003706
0.003446
0.003178
0.002920
0.002683
0.002441
0.001937
0.001414
0.001016
0.000800
0.000661
0.000529
0.000432
0.000347
0.000280
0.000220
0.000175
0.000134
0.000104
0.000078
0.000059
0.000042
0.000030
0.000022
0.000023
0.000022
0.000019
0.000014
0.000007
-0.000001
-0.000009
-0.000018
-0.000027
-0.000036
-0.000046
-0.000055
-0.000063
-0.000071
-0.000079
-0.000086
-0.000092
-0.000097
-0.000101
-0.000104
-0.000106
-0.000108
-0.000108
-0.000107
-0.000106
-0.000103
-0.000100
-0.000095
-0.000090
-0.000084
-0.000077
-0.000069
-0.000060
-0.000051
-0.000041
-0.000029
