0.000000
0.000011
0.000044
0.000098
0.000175
0.000274
0.000394
0.000536
0.000700
0.000886
0.001093
0.001323
0.001575
0.001848
0.002144
0.002462
0.002801
0.003162
0.003545
0.003950
0.004378
0.004829
0.005302
0.005795
0.006308
0.006836
0.007379
0.007937
0.008513
0.009113
0.009743
0.010407
0.011107
0.011839
0.012602
0.013395
0.014217
0.015070
0.015959
0.016888
0.017859
0.018875
0.019932
0.021021
0.022129
0.023243
0.024356
0.025472
0.026603
0.027765
0.028976
0.030252
0.031600
0.033017
0.034491
0.036005
0.037538
0.039073
0.040598
0.042112
0.043622
0.045134
0.046655
0.048188
0.049739
0.051315
0.052921
0.054563
0.056241
0.057951
0.059689
0.061447
0.063224
0.065028
0.066879
0.068810
0.070850
0.073018
0.075319
0.077745
0.080289
0.082947
0.085722
0.088618
0.091646
0.094809
0.098105
0.101521
0.105041
0.108652
0.112359
0.116181
0.120146
0.124275
0.128564
0.132979
0.137451
0.141903
0.146287
0.150596
0.154846
0.159064
0.163272
0.167484
0.171696
0.175892
0.180050
0.184150
0.188184
0.192149
0.196050
0.199885
0.203640
0.207291
0.210814
0.214222
0.217597
0.221112
0.224986
0.229375
0.234301
0.239645
0.245206
0.250792
0.256294
0.261695
0.267072
0.272566
0.278338
0.284509
0.291121
0.298126
0.305410
0.312841
0.320348
0.327947
0.335702
0.343683
0.351937
0.360478
0.369277
0.378268
0.387349
0.396404
0.405330
0.414035
0.422428
0.430415
0.437912
0.444870
0.451304
0.457325
0.463115
0.468863
0.474733
0.480814
0.487114
0.493619
0.500322
0.507231
0.514382
0.521825
0.529601
0.537708
0.546094
0.554680
0.563402
0.572239
0.581182
0.590190
0.599174
0.608034
0.616692
0.625118
0.633302
0.641233
0.648875
0.656191
0.663189
0.669967
0.676701
0.683545
0.690531
0.697533
0.704278
0.710435
0.715710
0.719919
0.723019
0.725063
0.726118
0.726239
0.725483
0.723938
0.721723
0.718983
0.715855
0.712471
0.708980
0.705556
0.702365
0.699504
0.696967
0.694650
0.692400
0.690067
0.687546
0.684760
0.681640
0.678135
0.674262
0.670154
0.666106
0.662558
0.659955
0.658580
0.658455
0.659355
0.660898
0.662673
0.664364
0.665765
0.666715
0.667102
0.666911
0.666253
0.665343
0.664452
0.663807
0.663491
0.663421
0.663411
0.663254
0.662764
0.661804
0.660297
0.658262
0.655820
0.653158
0.650407
0.647551
0.644393
0.640575
0.635694
0.629480
0.621918
0.613190
0.603561
0.593297
0.582594
0.571559
0.560226
0.548615
0.536760
0.524678
0.512344
0.499706
0.486725
0.473417
0.459852
0.446121
0.432292
0.418395
0.404462
0.390543
0.376711
0.363054
0.349668
0.336653
0.324104
0.312075
0.300555
0.289447
0.278523
0.267442
0.255877
0.243682
0.230968
0.218018
0.205082
0.192212
0.179220
0.165828
0.152013
0.138292
0.125545
0.114243
0.103936
0.093823
0.083557
0.073278
0.063163
0.053225
0.043448
0.033894
0.024681
0.015933
0.007715
0.000036
-0.007125
-0.013806
-0.020073
-0.026036
-0.031822
-0.037475
-0.042856
-0.047671
-0.051675
-0.054854
-0.057445
-0.059833
-0.062420
-0.065463
-0.068977
-0.072760
-0.076439
-0.079579
-0.081832
-0.082978
-0.082899
-0.081567
-0.079016
-0.075303
-0.070486
-0.064599
-0.057638
-0.049589
-0.040513
-0.030592
-0.020096
-0.009316
0.001492
0.012134
0.022487
0.032498
0.042175
0.051553
0.060662
0.069503
0.078056
0.086309
0.094296
0.102135
0.110031
0.118237
0.127009
0.136557
0.147018
0.158390
0.170456
0.182823
0.195042
0.206712
0.217558
0.227452
0.236371
0.244359
0.251515
0.257963
0.263808
0.269089
0.273803
0.277980
0.281736
0.285247
0.288698
0.292208
0.295772
0.299268
0.302553
0.305555
0.308321
0.311003
0.313793
0.316869
0.320343
0.324232
0.328467
0.332903
0.337338
0.341570
0.345476
0.349024
0.352243
0.355177
0.357878
0.360395
0.362775
0.365054
0.367263
0.369469
0.371810
0.374483
0.377657
0.381402
0.385717
0.390593
0.396053
0.402152
0.408920
0.416326
0.424270
0.432618
0.441267
0.450166
0.459286
0.468588
0.478040
0.487659
0.497523
0.507752
0.518475
0.529787
0.541720
0.554239
0.567228
0.580495
0.593812
0.606982
0.619901
0.632533
0.644873
0.656948
0.668836
0.680652
0.692508
0.704443
0.716358
0.728000
0.739043
0.749209
0.758305
0.766192
0.772746
0.777922
0.781823
0.784697
0.786896
0.788774
0.790559
0.792301
0.793880
0.795039
0.795464
0.794903
0.793223
0.790410
0.786546
0.781800
0.776454
0.770891
0.765535
0.760790
0.756972
0.754195
0.752318
0.751070
0.750204
0.749554
0.749010
0.748493
0.747925
0.747224
0.746310
0.745118
0.743599
0.741717
0.739448
0.736803
0.733844
0.730696
0.727503
0.724328
0.721094
0.717628
0.713722
0.709193
0.703919
0.697845
0.690979
0.683386
0.675190
0.666563
0.657707
0.648803
0.639933
0.631062
0.622070
0.612799
0.603090
0.592836
0.582038
0.570802
0.559280
0.547614
0.535890
0.524121
0.512283
0.500331
0.488227
0.475969
0.463603
0.451214
0.438908
0.426789
0.414923
0.403320
0.391946
0.380734
0.369605
0.358511
0.347488
0.336679
0.326326
0.316706
0.308014
0.300278
0.293339
0.286891
0.280552
0.273941
0.266695
0.258458
0.248894
0.237747
0.224857
0.210157
0.193672
0.175541
0.156002
0.135394
0.114156
0.092814
0.071890
0.051800
0.032798
0.014960
-0.001753
-0.017402
-0.032033
-0.045647
-0.058175
-0.069515
-0.079582
-0.088352
-0.095881
-0.102303
-0.107840
-0.112803
-0.117538
-0.122355
-0.127473
-0.133034
-0.139150
-0.145929
-0.153518
-0.162179
-0.172296
-0.184267
-0.198392
-0.214846
-0.233697
-0.254915
-0.278398
-0.304010
-0.331610
-0.361081
-0.392351
-0.425408
-0.460279
-0.497012
-0.535656
-0.576214
-0.618608
-0.662647
-0.708001
-0.754217
-0.800791
-0.847190
-0.892894
-0.937449
-0.980434
-1.021424
-1.060037
-1.095988
-1.129098
-1.159262
-1.186401
-1.210440
-1.231301
-1.248877
-1.263030
-1.273574
-1.280284
-1.282933
-1.281336
-1.275388
-1.265077
-1.250434
-1.231467
-1.208144
-1.180535
-1.149146
-1.115133
-1.080011
-1.045132
-1.011568
-0.980331
-0.952399
-0.928478
-0.908923
-0.893912
-0.883536
-0.877748
-0.876381
-0.879188
-0.885882
-0.896127
-0.909478
-0.925309
-0.942817
-0.961142
-0.979523
-0.997304
-1.013923
-1.029011
-1.042446
-1.054335
-1.064968
-1.074716
-1.083910
-1.092798
-1.101601
-1.110622
-1.120268
-1.131001
-1.143295
-1.157551
-1.173997
-1.192698
-1.213652
-1.236806
-1.262032
-1.289139
-1.317936
-1.348284
-1.380096
-1.413314
-1.447889
-1.483769
-1.520883
-1.559046
-1.597829
-1.636552
-1.674488
-1.711064
-1.745969
-1.779166
-1.810712
-1.840548
-1.868420
-1.893886
-1.916410
-1.935521
-1.950910
-1.962510
-1.970593
-1.975762
-1.978787
-1.980326
-1.980700
-1.979946
-1.978102
-1.975373
-1.972166
-1.969065
-1.966734
-1.965809
-1.966856
-1.970339
-1.976605
-1.985937
-1.998602
-2.014841
-2.034818
-2.058590
-2.086132
-2.117358
-2.152122
-2.190191
-2.231180
-2.274550
-2.319667
-2.365802
-2.412091
-2.457608
-2.501550
-2.543388
-2.582844
-2.619780
-2.654138
-2.685922
-2.715189
-2.742074
-2.766780
-2.789537
-2.810558
-2.830014
-2.848038
-2.864690
-2.879895
-2.893379
-2.904676
-2.913221
-2.918513
-2.920255
-2.918409
-2.913173
-2.904906
-2.894074
-2.881233
-2.866994
-2.851958
-2.836715
-2.821808
-2.807631
-2.794411
-2.782220
-2.770964
-2.760412
-2.750253
-2.740155
-2.729826
-2.719027
-2.707579
-2.695418
-2.682614
-2.669331
-2.655726
-2.641811
-2.627453
-2.612488
-2.596816
-2.580409
-2.563302
-2.545554
-2.527220
-2.508336
-2.488916
-2.468951
-2.448397
-2.427164
-2.405112
-2.382064
-2.357834
-2.332241
-2.305115
-2.276329
-2.245827
-2.213645
-2.179907
-2.144782
-2.108454
-2.071111
-2.032910
-1.993947
-1.954235
-1.913716
-1.872278
-1.829801
-1.786196
-1.741423
-1.695476
-1.648375
-1.600167
-1.550940
-1.500830
-1.450036
-1.398817
-1.347473
-1.296335
-1.245731
-1.195940
-1.147178
-1.099598
-1.053269
-1.008147
-0.964081
-0.920821
-0.878075
-0.835562
-0.793040
-0.750325
-0.707301
-0.663957
-0.620383
-0.576740
-0.533229
-0.490077
-0.447477
-0.405548
-0.364338
-0.323873
-0.284203
-0.245427
-0.207668
-0.171039
-0.135637
-0.101577
-0.069020
-0.038190
-0.009340
0.017281
0.041487
0.063196
0.082453
0.099419
0.114346
0.127571
0.139480
0.150419
0.160640
0.170282
0.179380
0.187927
0.195936
0.203490
0.210812
0.218262
0.226269
0.235256
0.245594
0.257567
0.271360
0.287045
0.304587
0.323861
0.344647
0.366641
0.389453
0.412625
0.435715
0.458348
0.480187
0.500933
0.520317
0.538084
0.553982
0.567783
0.579302
0.588408
0.595006
0.599028
0.600418
0.599146
0.595206
0.588617
0.579425
0.567723
0.553656
0.537418
0.519234
0.499391
0.478345
0.456746
0.435295
0.414588
0.395110
0.377292
0.361502
0.347989
0.336926
0.328463
0.322721
0.319786
0.319700
0.322439
0.327898
0.335884
0.346123
0.358299
0.372103
0.387270
0.403577
0.420836
0.438884
0.457556
0.476639
0.495847
0.514830
0.533207
0.550610
0.566674
0.581022
0.593289
0.603164
0.610376
0.614689
0.615893
0.613798
0.608250
0.599179
0.586661
0.570925
0.552346
0.531402
0.508570
0.484247
0.458762
0.432410
0.405458
0.378150
0.350729
0.323457
0.296606
0.270439
0.245202
0.221104
0.198319
0.176987
0.157200
0.138997
0.122377
0.107322
0.093813
0.081851
0.071455
0.062629
0.055352
0.049568
0.045186
0.042064
0.040005
0.038743
0.037943
0.037209
0.036124
0.034324
0.031531
0.027568
0.022345
0.015845
0.008110
-0.000776
-0.010719
-0.021619
-0.033371
-0.045853
-0.058907
-0.072346
-0.085986
-0.099672
-0.113300
-0.126823
-0.140270
-0.153749
-0.167413
-0.181421
-0.195899
-0.210949
-0.226657
-0.243102
-0.260348
-0.278436
-0.297376
-0.317136
-0.337651
-0.358830
-0.380536
-0.402573
-0.424679
-0.446568
-0.467995
-0.488782
-0.508837
-0.528162
-0.546833
-0.564947
-0.582597
-0.599870
-0.616868
-0.633697
-0.650454
-0.667208
-0.683990
-0.700795
-0.717586
-0.734295
-0.750832
-0.767079
-0.782887
-0.798072
-0.812421
-0.825708
-0.837756
-0.848454
-0.857696
-0.865351
-0.871305
-0.875470
-0.877779
-0.878179
-0.876639
-0.873161
-0.867797
-0.860644
-0.851842
-0.841563
-0.829998
-0.817353
-0.803843
-0.789696
-0.775159
-0.760489
-0.745941
-0.731757
-0.718144
-0.705247
-0.693143
-0.681854
-0.671364
-0.661618
-0.652543
-0.644047
-0.636029
-0.628384
-0.621044
-0.614008
-0.607329
-0.601071
-0.595276
-0.589948
-0.585062
-0.580575
-0.576416
-0.572485
-0.568677
-0.564899
-0.561070
-0.557105
-0.552926
-0.548464
-0.543659
-0.538443
-0.532739
-0.526468
-0.519577
-0.512055
-0.503937
-0.495296
-0.486212
-0.476762
-0.466999
-0.456950
-0.446611
-0.435962
-0.424993
-0.413728
-0.402231
-0.390606
-0.378983
-0.367510
-0.356329
-0.345564
-0.335327
-0.325727
-0.316875
-0.308888
-0.301893
-0.296023
-0.291396
-0.288089
-0.286129
-0.285507
-0.286172
-0.288018
-0.290878
-0.294532
-0.298741
-0.303287
-0.307964
-0.312577
-0.316942
-0.320925
-0.324464
-0.327562
-0.330263
-0.332648
-0.334834
-0.336986
-0.339309
-0.342027
-0.345369
-0.349562
-0.354802
-0.361235
-0.368939
-0.377920
-0.388116
-0.399396
-0.411579
-0.424463
-0.437824
-0.451423
-0.465014
-0.478359
-0.491254
-0.503518
-0.514963
-0.525412
-0.534737
-0.542875
-0.549811
-0.555573
-0.560225
-0.563847
-0.566522
-0.568336
-0.569370
-0.569695
-0.569376
-0.568459
-0.566971
-0.564916
-0.562297
-0.559125
-0.555422
-0.551211
-0.546523
-0.541385
-0.535830
-0.529889
-0.523602
-0.517017
-0.510181
-0.503149
-0.495982
-0.488758
-0.481577
-0.474558
-0.467832
-0.461526
-0.455762
-0.450649
-0.446286
-0.442765
-0.440154
-0.438462
-0.437650
-0.437629
-0.438273
-0.439422
-0.440899
-0.442527
-0.444137
-0.445570
-0.446668
-0.447273
-0.447218
-0.446331
-0.444446
-0.441422
-0.437163
-0.431631
-0.424847
-0.416887
-0.407860
-0.397882
-0.387075
-0.375552
-0.363418
-0.350762
-0.337657
-0.324141
-0.310207
-0.295797
-0.280826
-0.265215
-0.248915
-0.231920
-0.214275
-0.196052
-0.177347
-0.158269
-0.138932
-0.119442
-0.099885
-0.080329
-0.060815
-0.041355
-0.021928
-0.002480
0.017054
0.036734
0.056590
0.076616
0.096772
0.116999
0.137219
0.157347
0.177304
0.197016
0.216407
0.235394
0.253880
0.271750
0.288877
0.305151
0.320492
0.334842
0.348146
0.360341
0.371353
0.381102
0.389501
0.396473
0.401964
0.405942
0.408407
0.409382
0.408922
0.407103
0.403998
0.399682
0.394249
0.387829
0.380583
0.372681
0.364276
0.355499
0.346458
0.337239
0.327900
0.318469
0.308953
0.299347
0.289635
0.279800
0.269817
0.259660
0.249314
0.238799
0.228179
0.217550
0.207016
0.196670
0.186586
0.176815
0.167372
0.158225
0.149300
0.140516
0.131797
0.123060
0.114207
0.105124
0.095686
0.085769
0.075234
0.063939
0.051755
0.038601
0.024452
0.009330
-0.006716
-0.023619
-0.041304
-0.059682
-0.078653
-0.098098
-0.117858
-0.137745
-0.157573
-0.177167
-0.196358
-0.214985
-0.232904
-0.249990
-0.266136
-0.281250
-0.295255
-0.308088
-0.319711
-0.330121
-0.339353
-0.347469
-0.354541
-0.360648
-0.365861
-0.370227
-0.373766
-0.376483
-0.378380
-0.379464
-0.379748
-0.379247
-0.377982
-0.375973
-0.373243
-0.369827
-0.365777
-0.361156
-0.356025
-0.350454
-0.344535
-0.338389
-0.332153
-0.325960
-0.319922
-0.314127
-0.308641
-0.303507
-0.298734
-0.294299
-0.290168
-0.286303
-0.282668
-0.279237
-0.275996
-0.272932
-0.270027
-0.267265
-0.264635
-0.262132
-0.259748
-0.257459
-0.255215
-0.252926
-0.250455
-0.247608
-0.244151
-0.239848
-0.234518
-0.228062
-0.220423
-0.211567
-0.201495
-0.190244
-0.177870
-0.164452
-0.150086
-0.134878
-0.118923
-0.102296
-0.085047
-0.067205
-0.048784
-0.029794
-0.010249
0.009831
0.030429
0.051543
0.073184
0.095376
0.118144
0.141501
0.165443
0.189957
0.215031
0.240663
0.266854
0.293595
0.320854
0.348572
0.376665
0.405023
0.433521
0.462035
0.490453
0.518683
0.546664
0.574358
0.601742
0.628797
0.655505
0.681832
0.707724
0.733115
0.757928
0.782081
0.805495
0.828091
0.849803
0.870577
0.890383
0.909207
0.927048
0.943926
0.959893
0.975034
0.989449
1.003227
1.016422
1.029069
1.041191
1.052788
1.063833
1.074284
1.084100
1.093242
1.101686
1.109412
1.116406
1.122666
1.128208
1.133072
1.137317
1.141052
1.144432
1.147645
1.150891
1.154387
1.158348
1.162973
1.168425
1.174827
1.182268
1.190799
1.200416
1.211070
1.222687
1.235166
1.248392
1.262230
1.276539
1.291179
1.306015
1.320923
1.335792
1.350531
1.365078
1.379392
1.393424
1.407114
1.420389
1.433173
1.445405
1.457054
1.468110
1.478571
1.488448
1.497770
1.506573
1.514890
1.522743
1.530145
1.537106
1.543625
1.549695
1.555313
1.560483
1.565210
1.569501
1.573355
1.576758
1.579693
1.582136
1.584055
1.585409
1.586149
1.586219
1.585558
1.584089
1.581727
1.578386
1.573990
1.568466
1.561735
1.553722
1.544362
1.533595
1.521368
1.507647
1.492413
1.475657
1.457375
1.437568
1.416229
1.393347
1.368906
1.342908
1.315376
1.286354
1.255903
1.224104
1.191049
1.156838
1.121578
1.085392
1.048428
1.010846
0.972812
0.934496
0.896055
0.857630
0.819344
0.781316
0.743661
0.706479
0.669853
0.633867
0.598600
0.564139
0.530574
0.497990
0.466458
0.436033
0.406769
0.378728
0.351958
0.326471
0.302218
0.279109
0.257025
0.235836
0.215410
0.195635
0.176420
0.157689
0.139388
0.121494
0.104014
0.086989
0.070480
0.054578
0.039382
0.024977
0.011427
-0.001207
-0.012856
-0.023455
-0.032945
-0.041293
-0.048507
-0.054633
-0.059733
-0.063876
-0.067134
-0.069579
-0.071269
-0.072252
-0.072564
-0.072239
-0.071297
-0.069750
-0.067611
-0.064889
-0.061583
-0.057688
-0.053194
-0.048090
-0.042369
-0.036021
-0.029032
-0.021382
-0.013053
-0.004029
0.005698
0.016129
0.027247
0.039026
0.051427
0.064402
0.077906
0.091899
0.106341
0.121179
0.136345
0.151758
0.167326
0.182969
0.198614
0.214208
0.229717
0.245132
0.260463
0.275731
0.290963
0.306195
0.321467
0.336802
0.352203
0.367651
0.383107
0.398519
0.413832
0.428995
0.443944
0.458610
0.472922
0.486815
0.500244
0.513176
0.525584
0.537451
0.548773
0.559553
0.569796
0.579506
0.588694
0.597378
0.605591
0.613374
0.620759
0.627749
0.634323
0.640445
0.646082
0.651212
0.655820
0.659892
0.663429
0.666459
0.669037
0.671235
0.673135
0.674817
0.676349
0.677787
0.679180
0.680568
0.681988
0.683476
0.685055
0.686723
0.688454
0.690204
0.691922
0.693567
0.695110
0.696535
0.697825
0.698956
0.699895
0.700620
0.701113
0.701357
0.701329
0.701009
0.700389
0.699467
0.698247
0.696740
0.694957
0.692900
0.690557
0.687901
0.684899
0.681521
0.677736
0.673514
0.668826
0.663654
0.657988
0.651825
0.645169
0.638021
0.630380
0.622231
0.613550
0.604306
0.594479
0.584048
0.572992
0.561287
0.548923
0.535912
0.522276
0.508036
0.493206
0.477801
0.461841
0.445351
0.428323
0.410719
0.392516
0.373724
0.354357
0.334423
0.313935
0.292915
0.271392
0.249400
0.226978
0.204171
0.181030
0.157609
0.133969
0.110173
0.086288
0.062383
0.038521
0.014760
-0.008854
-0.032282
-0.055493
-0.078459
-0.101152
-0.123546
-0.145618
-0.167341
-0.188685
-0.209608
-0.230059
-0.249995
-0.269385
-0.288201
-0.306396
-0.323904
-0.340651
-0.356569
-0.371611
-0.385752
-0.398993
-0.411345
-0.422833
-0.433498
-0.443401
-0.452632
-0.461312
-0.469593
-0.477637
-0.485592
-0.493581
-0.501703
-0.510030
-0.518592
-0.527377
-0.536338
-0.545407
-0.554499
-0.563531
-0.572463
-0.581298
-0.590055
-0.598756
-0.607421
-0.616073
-0.624726
-0.633377
-0.642003
-0.650566
-0.659029
-0.667360
-0.675538
-0.683542
-0.691339
-0.698881
-0.706109
-0.712956
-0.719349
-0.725197
-0.730410
-0.734918
-0.738669
-0.741633
-0.743786
-0.745112
-0.745598
-0.745229
-0.743993
-0.741871
-0.738853
-0.734945
-0.730169
-0.724554
-0.718138
-0.710974
-0.703130
-0.694682
-0.685703
-0.676253
-0.666371
-0.656075
-0.645358
-0.634189
-0.622520
-0.610297
-0.597487
-0.584074
-0.570065
-0.555485
-0.540376
-0.524797
-0.508816
-0.492498
-0.475891
-0.459025
-0.441917
-0.424577
-0.406998
-0.389151
-0.370997
-0.352502
-0.333647
-0.314422
-0.294821
-0.274844
-0.254495
-0.233776
-0.212698
-0.191282
-0.169559
-0.147573
-0.125378
-0.103046
-0.080652
-0.058251
-0.035877
-0.013564
0.008649
0.030721
0.052622
0.074329
0.095824
0.117100
0.138163
0.159035
0.179750
0.200347
0.220859
0.241302
0.261675
0.281957
0.302111
0.322086
0.341824
0.361263
0.380342
0.399017
0.417258
0.435034
0.452302
0.469004
0.485090
0.500522
0.515274
0.529338
0.542713
0.555408
0.567431
0.578794
0.589521
0.599642
0.609187
0.618193
0.626705
0.634770
0.642435
0.649740
0.656708
0.663347
0.669652
0.675609
0.681204
0.686431
0.691291
0.695790
0.699946
0.703782
0.707329
0.710624
0.713709
0.716641
0.719491
0.722342
0.725266
0.728321
0.731550
0.734982
0.738629
0.742492
0.746559
0.750812
0.755231
0.759796
0.764486
0.769281
0.774165
0.779132
0.784174
0.789287
0.794465
0.799691
0.804940
0.810164
0.815309
0.820314
0.825104
0.829586
0.833671
0.837283
0.840356
0.842840
0.844703
0.845932
0.846521
0.846470
0.845792
0.844512
0.842668
0.840302
0.837459
0.834177
0.830492
0.826442
0.822073
0.817426
0.812558
0.807533
0.802413
0.797239
0.792032
0.786803
0.781552
0.776277
0.770978
0.765662
0.760348
0.755062
0.749830
0.744670
0.739594
0.734603
0.729688
0.724828
0.719995
0.715157
0.710286
0.705361
0.700373
0.695336
0.690284
0.685252
0.680263
0.675324
0.670437
0.665597
0.660796
0.656012
0.651225
0.646412
0.641557
0.636651
0.631684
0.626646
0.621522
0.616300
0.610968
0.605514
0.599923
0.594171
0.588232
0.582080
0.575694
0.569055
0.562134
0.554902
0.547326
0.539378
0.531033
0.522267
0.513062
0.503405
0.493292
0.482721
0.471691
0.460208
0.448288
0.435962
0.423275
0.410277
0.397017
0.383536
0.369866
0.356039
0.342082
0.328008
0.313808
0.299462
0.284948
0.270243
0.255325
0.240171
0.224763
0.209089
0.193144
0.176930
0.160457
0.143733
0.126764
0.109551
0.092100
0.074417
0.056515
0.038417
0.020166
0.001824
-0.016533
-0.034829
-0.052987
-0.070933
-0.088600
-0.105931
-0.122894
-0.139479
-0.155688
-0.171525
-0.186991
-0.202076
-0.216772
-0.231077
-0.244998
-0.258540
-0.271713
-0.284525
-0.296983
-0.309098
-0.320889
-0.332387
-0.343627
-0.354645
-0.365476
-0.376147
-0.386676
-0.397069
-0.407312
-0.417379
-0.427236
-0.436840
-0.446139
-0.455073
-0.463584
-0.471636
-0.479214
-0.486312
-0.492928
-0.499058
-0.504706
-0.509878
-0.514589
-0.518859
-0.522711
-0.526166
-0.529237
-0.531930
-0.534242
-0.536169
-0.537703
-0.538843
-0.539590
-0.539947
-0.539926
-0.539542
-0.538820
-0.537780
-0.536436
-0.534801
-0.532890
-0.530718
-0.528287
-0.525590
-0.522623
-0.519397
-0.515927
-0.512231
-0.508333
-0.504262
-0.500047
-0.495717
-0.491302
-0.486837
-0.482352
-0.477879
-0.473444
-0.469069
-0.464770
-0.460563
-0.456459
-0.452472
-0.448611
-0.444890
-0.441314
-0.437889
-0.434611
-0.431467
-0.428438
-0.425497
-0.422614
-0.419760
-0.416909
-0.414044
-0.411150
-0.408222
-0.405257
-0.402257
-0.399222
-0.396152
-0.393050
-0.389920
-0.386767
-0.383593
-0.380392
-0.377148
-0.373845
-0.370465
-0.366989
-0.363390
-0.359640
-0.355710
-0.351580
-0.347241
-0.342696
-0.337959
-0.333046
-0.327970
-0.322737
-0.317342
-0.311766
-0.305982
-0.299958
-0.293656
-0.287039
-0.280074
-0.272739
-0.265027
-0.256945
-0.248512
-0.239759
-0.230729
-0.221469
-0.212020
-0.202416
-0.192688
-0.182863
-0.172959
-0.162978
-0.152904
-0.142712
-0.132371
-0.121852
-0.111127
-0.100167
-0.088940
-0.077410
-0.065545
-0.053316
-0.040710
-0.027731
-0.014398
-0.000737
0.013230
0.027489
0.042035
0.056869
0.072003
0.087450
0.103230
0.119355
0.135833
0.152663
0.169832
0.187318
0.205094
0.223123
0.241369
0.259791
0.278351
0.297013
0.315743
0.334514
0.353299
0.372070
0.390803
0.409480
0.428093
0.446638
0.465107
0.483495
0.501796
0.520005
0.538115
0.556113
0.573982
0.591702
0.609247
0.626586
0.643691
0.660534
0.677092
0.693333
0.709228
0.724743
0.739853
0.754545
0.768811
0.782646
0.796044
0.809000
0.821511
0.833581
0.845216
0.856419
0.867195
0.877547
0.887474
0.896970
0.906033
0.914663
0.922856
0.930594
0.937851
0.944596
0.950800
0.956445
0.961520
0.966017
0.969930
0.973256
0.975995
0.978153
0.979742
0.980775
0.981271
0.981252
0.980739
0.979746
0.978276
0.976319
0.973855
0.970863
0.967325
0.963223
0.958537
0.953245
0.947328
0.940778
0.933596
0.925790
0.917369
0.908342
0.898724
0.888532
0.877780
0.866480
0.854648
0.842307
0.829479
0.816180
0.802425
0.788230
0.773609
0.758569
0.743120
0.727276
0.711054
0.694473
0.677551
0.660313
0.642785
0.624994
0.606979
0.588778
0.570423
0.551941
0.533357
0.514693
0.495964
0.477184
0.458368
0.439529
0.420687
0.401867
0.383098
0.364412
0.345848
0.327445
0.309233
0.291240
0.273481
0.255966
0.238703
0.221702
0.204974
0.188525
0.172367
0.156517
0.140997
0.125832
0.111046
0.096656
0.082673
0.069106
0.055961
0.043238
0.030938
0.019066
0.007619
-0.003406
-0.014015
-0.024217
-0.034020
-0.043432
-0.052462
-0.061126
-0.069460
-0.077511
-0.085327
-0.092952
-0.100429
-0.107801
-0.115114
-0.122411
-0.129725
-0.137080
-0.144487
-0.151952
-0.159472
-0.167041
-0.174646
-0.182271
-0.189892
-0.197483
-0.205020
-0.212484
-0.219866
-0.227163
-0.234380
-0.241524
-0.248608
-0.255634
-0.262588
-0.269446
-0.276178
-0.282754
-0.289136
-0.295282
-0.301150
-0.306702
-0.311904
-0.316728
-0.321161
-0.325196
-0.328837
-0.332093
-0.334983
-0.337535
-0.339774
-0.341711
-0.343353
-0.344712
-0.345807
-0.346653
-0.347252
-0.347606
-0.347726
-0.347624
-0.347314
-0.346811
-0.346122
-0.345248
-0.344182
-0.342913
-0.341431
-0.339730
-0.337821
-0.335716
-0.333431
-0.330980
-0.328377
-0.325632
-0.322753
-0.319751
-0.316641
-0.313431
-0.310115
-0.306678
-0.303113
-0.299418
-0.295608
-0.291700
-0.287708
-0.283652
-0.279555
-0.275442
-0.271331
-0.267230
-0.263136
-0.259042
-0.254943
-0.250841
-0.246737
-0.242632
-0.238532
-0.234447
-0.230390
-0.226370
-0.222386
-0.218435
-0.214509
-0.210595
-0.206674
-0.202724
-0.198714
-0.194602
-0.190348
-0.185924
-0.181313
-0.176493
-0.171433
-0.166109
-0.160506
-0.154621
-0.148458
-0.142024
-0.135330
-0.128392
-0.121230
-0.113865
-0.106320
-0.098623
-0.090806
-0.082898
-0.074924
-0.066904
-0.058855
-0.050790
-0.042714
-0.034625
-0.026520
-0.018390
-0.010224
-0.002005
0.006277
0.014627
0.023048
0.031553
0.040155
0.048864
0.057687
0.066627
0.075683
0.084856
0.094145
0.103546
0.113047
0.122637
0.132300
0.142015
0.151763
0.161526
0.171290
0.181044
0.190781
0.200491
0.210161
0.219777
0.229323
0.238785
0.248145
0.257387
0.266489
0.275424
0.284159
0.292656
0.300876
0.308779
0.316330
0.323510
0.330311
0.336736
0.342795
0.348502
0.353872
0.358922
0.363668
0.368128
0.372317
0.376246
0.379921
0.383342
0.386506
0.389413
0.392057
0.394431
0.396525
0.398337
0.399872
0.401146
0.402179
0.403003
0.403647
0.404143
0.404518
0.404796
0.404989
0.405098
0.405117
0.405037
0.404849
0.404544
0.404107
0.403518
0.402761
0.401823
0.400691
0.399348
0.397787
0.396006
0.394011
0.391804
0.389379
0.386731
0.383858
0.380767
0.377476
0.374005
0.370378
0.366619
0.362754
0.358799
0.354760
0.350633
0.346407
0.342069
0.337603
0.332999
0.328254
0.323367
0.318347
0.313211
0.307980
0.302665
0.297264
0.291763
0.286143
0.280393
0.274507
0.268483
0.262319
0.256017
0.249581
0.243015
0.236318
0.229491
0.222530
0.215428
0.208175
0.200751
0.193135
0.185309
0.177264
0.168998
0.160517
0.151836
0.142980
0.133970
0.124833
0.115589
0.106257
0.096859
0.087414
0.077943
0.068471
0.059028
0.049643
0.040346
0.031172
0.022152
0.013308
0.004660
-0.003780
-0.012004
-0.020009
-0.027799
-0.035379
-0.042761
-0.049954
-0.056972
-0.063823
-0.070510
-0.077035
-0.083395
-0.089590
-0.095622
-0.101489
-0.107194
-0.112745
-0.118154
-0.123439
-0.128608
-0.133672
-0.138639
-0.143513
-0.148287
-0.152954
-0.157508
-0.161939
-0.166236
-0.170388
-0.174392
-0.178245
-0.181944
-0.185477
-0.188835
-0.192017
-0.195030
-0.197890
-0.200600
-0.203153
-0.205552
-0.207815
-0.209967
-0.212038
-0.214056
-0.216049
-0.218042
-0.220061
-0.222119
-0.224221
-0.226364
-0.228547
-0.230762
-0.233002
-0.235258
-0.237521
-0.239787
-0.242058
-0.244338
-0.246626
-0.248908
-0.251159
-0.253342
-0.255430
-0.257405
-0.259250
-0.260945
-0.262466
-0.263791
-0.264898
-0.265772
-0.266404
-0.266787
-0.266913
-0.266782
-0.266394
-0.265755
-0.264877
-0.263782
-0.262503
-0.261078
-0.259544
-0.257944
-0.256316
-0.254692
-0.253097
-0.251544
-0.250041
-0.248593
-0.247205
-0.245881
-0.244621
-0.243425
-0.242305
-0.241274
-0.240351
-0.239550
-0.238885
-0.238370
-0.238016
-0.237832
-0.237817
-0.237968
-0.238280
-0.238747
-0.239361
-0.240110
-0.240973
-0.241924
-0.242927
-0.243947
-0.244943
-0.245864
-0.246661
-0.247289
-0.247713
-0.247910
-0.247868
-0.247581
-0.247054
-0.246298
-0.245330
-0.244172
-0.242846
-0.241376
-0.239791
-0.238120
-0.236386
-0.234613
-0.232830
-0.231067
-0.229350
-0.227695
-0.226113
-0.224606
-0.223179
-0.221832
-0.220564
-0.219352
-0.218165
-0.216978
-0.215780
-0.214559
-0.213303
-0.211996
-0.210632
-0.209213
-0.207744
-0.206231
-0.204683
-0.203105
-0.201501
-0.199871
-0.198206
-0.196489
-0.194698
-0.192810
-0.190801
-0.188646
-0.186317
-0.183782
-0.181011
-0.177978
-0.174673
-0.171102
-0.167272
-0.163189
-0.158855
-0.154273
-0.149452
-0.144401
-0.139130
-0.133659
-0.128016
-0.122226
-0.116313
-0.110299
-0.104204
-0.098044
-0.091836
-0.085592
-0.079317
-0.073012
-0.066672
-0.060288
-0.053860
-0.047390
-0.040889
-0.034374
-0.027871
-0.021406
-0.014999
-0.008670
-0.002430
0.003717
0.009776
0.015751
0.021643
0.027452
0.033178
0.038821
0.044378
0.049849
0.055228
0.060513
0.065704
0.070798
0.075783
0.080640
0.085353
0.089913
0.094311
0.098537
0.102575
0.106404
0.110002
0.113346
0.116419
0.119210
0.121709
0.123916
0.125835
0.127480
0.128863
0.129997
0.130890
0.131551
0.131993
0.132228
0.132271
0.132138
0.131856
0.131460
0.130985
0.130460
0.129908
0.129343
0.128777
0.128228
0.127721
0.127274
0.126896
0.126590
0.126355
0.126193
0.126104
0.126086
0.126136
0.126250
0.126431
0.126681
0.127000
0.127390
0.127852
0.128380
0.128967
0.129603
0.130271
0.130952
0.131629
0.132297
0.132961
0.133618
0.134256
0.134855
0.135393
0.135853
0.136224
0.136495
0.136658
0.136704
0.136625
0.136416
0.136076
0.135604
0.135004
0.134287
0.133463
0.132548
0.131564
0.130531
0.129468
0.128391
0.127316
0.126254
0.125211
0.124188
0.123175
0.122163
0.121138
0.120088
0.118994
0.117833
0.116586
0.115235
0.113767
0.112173
0.110452
0.108605
0.106642
0.104573
0.102409
0.100159
0.097832
0.095437
0.092985
0.090485
0.087942
0.085366
0.082768
0.080160
0.077549
0.074943
0.072349
0.069775
0.067228
0.064718
0.062255
0.059852
0.057526
0.055297
0.053183
0.051196
0.049348
0.047653
0.046126
0.044778
0.043622
0.042664
0.041907
0.041349
0.040986
0.040808
0.040806
0.040967
0.041266
0.041667
0.042131
0.042634
0.043171
0.043736
0.044316
0.044896
0.045468
0.046027
0.046566
0.047079
0.047561
0.048009
0.048422
0.048794
0.049120
0.049395
0.049613
0.049771
0.049865
0.049888
0.049832
0.049682
0.049421
0.049034
0.048513
0.047850
0.047025
0.046007
0.044767
0.043283
0.041537
0.039516
0.037198
0.034556
0.031557
0.028180
0.024401
0.020203
0.015573
0.010509
0.005008
-0.000924
-0.007282
-0.014059
-0.021246
-0.028836
-0.036826
-0.045216
-0.053999
-0.063162
-0.072693
-0.082575
-0.092784
-0.103292
-0.114071
-0.125099
-0.136357
-0.147822
-0.159472
-0.171287
-0.183253
-0.195358
-0.207590
-0.219937
-0.232381
-0.244910
-0.257511
-0.270178
-0.282900
-0.295664
-0.308461
-0.321279
-0.334110
-0.346949
-0.359787
-0.372607
-0.385394
-0.398130
-0.410793
-0.423357
-0.435803
-0.448116
-0.460284
-0.472299
-0.484157
-0.495863
-0.507419
-0.518826
-0.530086
-0.541200
-0.552163
-0.562967
-0.573600
-0.584049
-0.594303
-0.604348
-0.614173
-0.623772
-0.633141
-0.642284
-0.651202
-0.659887
-0.668323
-0.676489
-0.684369
-0.691952
-0.699227
-0.706184
-0.712815
-0.719112
-0.725073
-0.730692
-0.735968
-0.740897
-0.745472
-0.749688
-0.753537
-0.757011
-0.760103
-0.762804
-0.765108
-0.767014
-0.768529
-0.769664
-0.770428
-0.770830
-0.770892
-0.770642
-0.770110
-0.769315
-0.768265
-0.766965
-0.765425
-0.763657
-0.761672
-0.759478
-0.757084
-0.754499
-0.751737
-0.748808
-0.745719
-0.742479
-0.739093
-0.735565
-0.731896
-0.728086
-0.724140
-0.720067
-0.715882
-0.711602
-0.707247
-0.702835
-0.698385
-0.693913
-0.689426
-0.684917
-0.680379
-0.675802
-0.671179
-0.666502
-0.661770
-0.656981
-0.652139
-0.647255
-0.642342
-0.637413
-0.632475
-0.627534
-0.622593
-0.617655
-0.612723
-0.607801
-0.602891
-0.597996
-0.593114
-0.588238
-0.583356
-0.578452
-0.573503
-0.568488
-0.563378
-0.558147
-0.552770
-0.547224
-0.541494
-0.535569
-0.529449
-0.523145
-0.516662
-0.510007
-0.503185
-0.496200
-0.489051
-0.481732
-0.474236
-0.466560
-0.458701
-0.450662
-0.442448
-0.434073
-0.425553
-0.416895
-0.408100
-0.399174
-0.390135
-0.381005
-0.371808
-0.362562
-0.353284
-0.343986
-0.334679
-0.325373
-0.316074
-0.306779
-0.297479
-0.288169
-0.278844
-0.269500
-0.260131
-0.250731
-0.241295
-0.231822
-0.222305
-0.212743
-0.203129
-0.193466
-0.183766
-0.174055
-0.164365
-0.154733
-0.145198
-0.135796
-0.126553
-0.117489
-0.108622
-0.099964
-0.091529
-0.083328
-0.075362
-0.067633
-0.060137
-0.052872
-0.045835
-0.039022
-0.032431
-0.026061
-0.019915
-0.014003
-0.008341
-0.002948
0.002155
0.006946
0.011412
0.015541
0.019324
0.022759
0.025846
0.028587
0.030990
0.033064
0.034823
0.036279
0.037446
0.038334
0.038948
0.039293
0.039380
0.039217
0.038812
0.038166
0.037279
0.036150
0.034764
0.033105
0.031154
0.028894
0.026305
0.023367
0.020062
0.016378
0.012314
0.007869
0.003048
-0.002142
-0.007689
-0.013579
-0.019796
-0.026320
-0.033130
-0.040201
-0.047507
-0.055021
-0.062711
-0.070549
-0.078509
-0.086563
-0.094689
-0.102870
-0.111097
-0.119368
-0.127683
-0.136032
-0.144396
-0.152753
-0.161086
-0.169387
-0.177650
-0.185868
-0.194036
-0.202151
-0.210209
-0.218206
-0.226146
-0.234035
-0.241879
-0.249689
-0.257475
-0.265242
-0.272991
-0.280724
-0.288437
-0.296128
-0.303795
-0.311440
-0.319059
-0.326645
-0.334192
-0.341706
-0.349194
-0.356660
-0.364095
-0.371488
-0.378829
-0.386115
-0.393343
-0.400510
-0.407621
-0.414678
-0.421687
-0.428652
-0.435578
-0.442470
-0.449334
-0.456174
-0.462992
-0.469788
-0.476561
-0.483311
-0.490035
-0.496730
-0.503390
-0.510002
-0.516557
-0.523044
-0.529453
-0.535773
-0.541991
-0.548099
-0.554090
-0.559957
-0.565693
-0.571281
-0.576706
-0.581954
-0.587005
-0.591840
-0.596438
-0.600782
-0.604851
-0.608625
-0.612083
-0.615202
-0.617963
-0.620349
-0.622341
-0.623918
-0.625066
-0.625774
-0.626030
-0.625822
-0.625145
-0.623995
-0.622373
-0.620284
-0.617730
-0.614717
-0.611247
-0.607322
-0.602944
-0.598118
-0.592851
-0.587149
-0.581019
-0.574471
-0.567521
-0.560180
-0.552457
-0.544364
-0.535916
-0.527141
-0.518074
-0.508742
-0.499163
-0.489344
-0.479297
-0.469038
-0.458590
-0.447977
-0.437220
-0.426341
-0.415360
-0.404301
-0.393188
-0.382046
-0.370899
-0.359764
-0.348655
-0.337580
-0.326543
-0.315549
-0.304600
-0.293701
-0.282856
-0.272070
-0.261345
-0.250685
-0.240097
-0.229602
-0.219228
-0.209008
-0.198965
-0.189114
-0.179466
-0.170031
-0.160819
-0.151841
-0.143112
-0.134646
-0.126456
-0.118550
-0.110935
-0.103620
-0.096612
-0.089917
-0.083537
-0.077476
-0.071731
-0.066302
-0.061189
-0.056393
-0.051919
-0.047770
-0.043951
-0.040465
-0.037317
-0.034509
-0.032042
-0.029920
-0.028145
-0.026715
-0.025623
-0.024863
-0.024430
-0.024314
-0.024503
-0.024982
-0.025734
-0.026742
-0.027986
-0.029444
-0.031093
-0.032907
-0.034870
-0.036963
-0.039171
-0.041481
-0.043881
-0.046364
-0.048928
-0.051572
-0.054297
-0.057103
-0.059989
-0.062959
-0.066012
-0.069150
-0.072368
-0.075656
-0.079005
-0.082400
-0.085819
-0.089238
-0.092636
-0.096001
-0.099323
-0.102594
-0.105807
-0.108961
-0.112060
-0.115126
-0.118178
-0.121229
-0.124282
-0.127342
-0.130415
-0.133512
-0.136645
-0.139828
-0.143076
-0.146407
-0.149838
-0.153376
-0.157024
-0.160782
-0.164648
-0.168615
-0.172679
-0.176843
-0.181114
-0.185503
-0.190021
-0.194669
-0.199438
-0.204318
-0.209303
-0.214393
-0.219591
-0.224905
-0.230338
-0.235882
-0.241522
-0.247237
-0.253001
-0.258794
-0.264603
-0.270413
-0.276216
-0.282006
-0.287782
-0.293537
-0.299268
-0.304974
-0.310652
-0.316296
-0.321902
-0.327462
-0.332967
-0.338403
-0.343755
-0.349010
-0.354156
-0.359186
-0.364089
-0.368855
-0.373477
-0.377948
-0.382264
-0.386422
-0.390422
-0.394266
-0.397953
-0.401486
-0.404864
-0.408085
-0.411142
-0.414025
-0.416725
-0.419229
-0.421525
-0.423601
-0.425444
-0.427045
-0.428394
-0.429484
-0.430305
-0.430853
-0.431125
-0.431123
-0.430853
-0.430320
-0.429533
-0.428503
-0.427243
-0.425768
-0.424087
-0.422214
-0.420160
-0.417939
-0.415563
-0.413040
-0.410379
-0.407580
-0.404644
-0.401570
-0.398351
-0.394981
-0.391454
-0.387767
-0.383921
-0.379918
-0.375742
-0.371367
-0.366768
-0.361931
-0.356849
-0.351517
-0.345936
-0.340110
-0.334044
-0.327751
-0.321245
-0.314541
-0.307655
-0.300605
-0.293405
-0.286066
-0.278594
-0.270994
-0.263272
-0.255433
-0.247489
-0.239450
-0.231324
-0.223114
-0.214821
-0.206458
-0.198051
-0.189633
-0.181229
-0.172861
-0.164551
-0.156316
-0.148178
-0.140160
-0.132284
-0.124566
-0.117023
-0.109670
-0.102520
-0.095581
-0.088857
-0.082353
-0.076069
-0.070005
-0.064159
-0.058533
-0.053126
-0.047939
-0.042969
-0.038213
-0.033668
-0.029336
-0.025216
-0.021302
-0.017590
-0.014083
-0.010788
-0.007717
-0.004881
-0.002291
0.000047
0.002127
0.003942
0.005495
0.006789
0.007829
0.008623
0.009186
0.009537
0.009696
0.009686
0.009525
0.009225
0.008797
0.008255
0.007614
0.006890
0.006093
0.005231
0.004312
0.003344
0.002336
0.001296
0.000232
-0.000849
-0.001940
-0.003032
-0.004112
-0.005169
-0.006191
-0.007164
-0.008077
-0.008920
-0.009687
-0.010370
-0.010960
-0.011453
-0.011845
-0.012138
-0.012340
-0.012456
-0.012476
-0.012383
-0.012154
-0.011771
-0.011223
-0.010498
-0.009583
-0.008468
-0.007140
-0.005590
-0.003810
-0.001795
0.000458
0.002947
0.005666
0.008604
0.011751
0.015090
0.018606
0.022282
0.026100
0.030047
0.034114
0.038304
0.042621
0.047068
0.051637
0.056321
0.061112
0.066008
0.071008
0.076116
0.081330
0.086646
0.092057
0.097553
0.103127
0.108770
0.114472
0.120219
0.125997
0.131793
0.137584
0.143351
0.149077
0.154749
0.160347
0.165850
0.171236
0.176491
0.181603
0.186559
0.191343
0.195941
0.200342
0.204533
0.208502
0.212236
0.215724
0.218957
0.221925
0.224622
0.227042
0.229182
0.231041
0.232617
0.233908
0.234912
0.235627
0.236053
0.236191
0.236043
0.235615
0.234912
0.233940
0.232707
0.231224
0.229509
0.227578
0.225447
0.223137
0.220666
0.218052
0.215311
0.212459
0.209513
0.206486
0.203398
0.200268
0.197123
0.193990
0.190898
0.187870
0.184927
0.182086
0.179359
0.176751
0.174260
0.171880
0.169607
0.167440
0.165389
0.163466
0.161679
0.160036
0.158547
0.157218
0.156058
0.155067
0.154246
0.153590
0.153092
0.152741
0.152522
0.152415
0.152391
0.152417
0.152464
0.152509
0.152532
0.152517
0.152450
0.152328
0.152163
0.151971
0.151758
0.151518
0.151243
0.150930
0.150580
0.150193
0.149767
0.149299
0.148783
0.148213
0.147580
0.146880
0.146101
0.145233
0.144266
0.143197
0.142020
0.140732
0.139329
0.137809
0.136165
0.134389
0.132470
0.130398
0.128164
0.125761
0.123181
0.120416
0.117459
0.114307
0.110961
0.107424
0.103707
0.099822
0.095783
0.091602
0.087288
0.082852
0.078298
0.073625
0.068830
0.063907
0.058849
0.053647
0.048296
0.042800
0.037161
0.031390
0.025501
0.019516
0.013451
0.007320
0.001141
-0.005069
-0.011288
-0.017499
-0.023685
-0.029832
-0.035923
-0.041944
-0.047886
-0.053747
-0.059524
-0.065222
-0.070849
-0.076414
-0.081924
-0.087387
-0.092811
-0.098203
-0.103568
-0.108906
-0.114224
-0.119531
-0.124831
-0.130111
-0.135344
-0.140503
-0.145561
-0.150504
-0.155326
-0.160017
-0.164568
-0.168972
-0.173219
-0.177298
-0.181200
-0.184915
-0.188433
-0.191745
-0.194845
-0.197727
-0.200377
-0.202783
-0.204935
-0.206824
-0.208443
-0.209777
-0.210809
-0.211522
-0.211910
-0.211981
-0.211750
-0.211225
-0.210403
-0.209282
-0.207860
-0.206137
-0.204110
-0.201779
-0.199140
-0.196192
-0.192941
-0.189391
-0.185547
-0.181415
-0.177001
-0.172314
-0.167361
-0.162151
-0.156692
-0.150995
-0.145071
-0.138934
-0.132597
-0.126072
-0.119374
-0.112515
-0.105509
-0.098368
-0.091096
-0.083696
-0.076168
-0.068508
-0.060712
-0.052771
-0.044680
-0.036433
-0.028023
-0.019441
-0.010678
-0.001733
0.007392
0.016694
0.026175
0.035830
0.045654
0.055636
0.065763
0.076023
0.086403
0.096894
0.107484
0.118159
0.128908
0.139720
0.150584
0.161490
0.172427
0.183383
0.194348
0.205312
0.216262
0.227190
0.238084
0.248938
0.259741
0.270483
0.281153
0.291741
0.302233
0.312620
0.322892
0.333032
0.343021
0.352847
0.362503
0.371995
0.381328
0.390500
0.399504
0.408330
0.416969
0.425409
0.433638
0.441650
0.449437
0.456989
0.464302
0.471376
0.478211
0.484809
0.491173
0.497302
0.503196
0.508860
0.514298
0.519512
0.524511
0.529308
0.533916
0.538340
0.542572
0.546603
0.550431
0.554060
0.557500
0.560755
0.563831
0.566731
0.569454
0.572004
0.574385
0.576601
0.578655
0.580550
0.582288
0.583872
0.585306
0.586597
0.587750
0.588768
0.589652
0.590408
0.591041
0.591552
0.591938
0.592201
0.592342
0.592361
0.592255
0.592019
0.591651
0.591146
0.590497
0.589697
0.588740
0.587614
0.586312
0.584825
0.583144
0.581260
0.579168
0.576864
0.574343
0.571600
0.568634
0.565436
0.561999
0.558314
0.554372
0.550161
0.545671
0.540893
0.535822
0.530452
0.524780
0.518804
0.512525
0.505949
0.499080
0.491925
0.484493
0.476789
0.468822
0.460597
0.452120
0.443395
0.434426
0.425215
0.415766
0.406079
0.396154
0.385987
0.375575
0.364927
0.354063
0.343005
0.331780
0.320406
0.308900
0.297273
0.285541
0.273718
0.261816
0.249848
0.237821
0.225738
0.213595
0.201392
0.189131
0.176816
0.164455
0.152051
0.139612
0.127144
0.114658
0.102173
0.089712
0.077297
0.064938
0.052627
0.040360
0.028144
0.015994
0.003929
-0.008030
-0.019863
-0.031549
-0.043067
-0.054400
-0.065531
-0.076449
-0.087142
-0.097598
-0.107802
-0.117745
-0.127422
-0.136826
-0.145950
-0.154790
-0.163346
-0.171622
-0.179618
-0.187337
-0.194778
-0.201943
-0.208833
-0.215457
-0.221825
-0.227943
-0.233814
-0.239442
-0.244831
-0.249986
-0.254909
-0.259602
-0.264066
-0.268299
-0.272294
-0.276043
-0.279539
-0.282773
-0.285732
-0.288401
-0.290770
-0.292831
-0.294575
-0.295990
-0.297067
-0.297801
-0.298187
-0.298227
-0.297920
-0.297266
-0.296268
-0.294931
-0.293259
-0.291252
-0.288909
-0.286230
-0.283215
-0.279863
-0.276172
-0.272141
-0.267772
-0.263070
-0.258043
-0.252699
-0.247049
-0.241101
-0.234869
-0.228372
-0.221638
-0.214691
-0.207542
-0.200194
-0.192642
-0.184890
-0.176951
-0.168847
-0.160591
-0.152194
-0.143664
-0.135017
-0.126265
-0.117423
-0.108499
-0.099494
-0.090413
-0.081266
-0.072072
-0.062843
-0.053586
-0.044305
-0.035010
-0.025706
-0.016396
-0.007074
0.002266
0.011622
0.020981
0.030330
0.039661
0.048965
0.058230
0.067449
0.076616
0.085723
0.094759
0.103714
0.112573
0.121327
0.129967
0.138484
0.146872
0.155126
0.163243
0.171224
0.179074
0.186798
0.194406
0.201906
0.209308
0.216618
0.223844
0.230995
0.238078
0.245097
0.252058
0.258966
0.265819
0.272618
0.279369
0.286077
0.292745
0.299379
0.305980
0.312554
0.319101
0.325620
0.332103
0.338544
0.344942
0.351299
0.357612
0.363882
0.370107
0.376282
0.382406
0.388480
0.394496
0.400450
0.406330
0.412131
0.417845
0.423470
0.429003
0.434444
0.439787
0.445026
0.450154
0.455167
0.460062
0.464838
0.469494
0.474029
0.478445
0.482744
0.486929
0.491006
0.494977
0.498839
0.502581
0.506186
0.509648
0.512973
0.516168
0.519234
0.522161
0.524934
0.527535
0.529953
0.532180
0.534208
0.536029
0.537632
0.539008
0.540148
0.541041
0.541679
0.542054
0.542156
0.541975
0.541507
0.540745
0.539680
0.538311
0.536647
0.534698
0.532460
0.529913
0.527024
0.523771
0.520143
0.516137
0.511753
0.506992
0.501846
0.496303
0.490359
0.484020
0.477291
0.470181
0.462700
0.454863
0.446683
0.438174
0.429347
0.420213
0.410790
0.401094
0.391140
0.380936
0.370496
0.359837
0.348971
0.337909
0.326659
0.315234
0.303653
0.291933
0.280089
0.268133
0.256080
0.243947
0.231752
0.219510
0.207240
0.194958
0.182674
0.170400
0.158153
0.145953
0.133815
0.121756
0.109794
0.097940
0.086205
0.074598
0.063127
0.051799
0.040614
0.029576
0.018687
0.007951
-0.002629
-0.013050
-0.023306
-0.033392
-0.043305
-0.053047
-0.062612
-0.071996
-0.081200
-0.090230
-0.099088
-0.107773
-0.116284
-0.124616
-0.132763
-0.140722
-0.148495
-0.156089
-0.163510
-0.170751
-0.177794
-0.184623
-0.191228
-0.197602
-0.203735
-0.209617
-0.215240
-0.220596
-0.225678
-0.230477
-0.234985
-0.239199
-0.243116
-0.246731
-0.250040
-0.253041
-0.255733
-0.258114
-0.260186
-0.261952
-0.263416
-0.264574
-0.265418
-0.265934
-0.266129
-0.266024
-0.265640
-0.264987
-0.264068
-0.262886
-0.261441
-0.259738
-0.257778
-0.255560
-0.253085
-0.250354
-0.247367
-0.244124
-0.240633
-0.236899
-0.232926
-0.228721
-0.224288
-0.219631
-0.214753
-0.209661
-0.204361
-0.198858
-0.193160
-0.187276
-0.181219
-0.175002
-0.168636
-0.162132
-0.155500
-0.148745
-0.141874
-0.134896
-0.127817
-0.120640
-0.113371
-0.106014
-0.098572
-0.091046
-0.083440
-0.075756
-0.067997
-0.060164
-0.052259
-0.044282
-0.036234
-0.028116
-0.019934
-0.011696
-0.003403
0.004946
0.013353
0.021818
0.030344
0.038929
0.047568
0.056257
0.064987
0.073757
0.082559
0.091390
0.100245
0.109119
0.118007
0.126900
0.135787
0.144657
0.153497
0.162299
0.171053
0.179747
0.188357
0.196859
0.205233
0.213477
0.221601
0.229609
0.237493
0.245237
0.252832
0.260267
0.267529
0.274605
0.281489
0.288172
0.294646
0.300905
0.306940
0.312742
0.318310
0.323638
0.328724
0.333562
0.338152
0.342489
0.346571
0.350401
0.353993
0.357357
0.360497
0.363408
0.366082
0.368518
0.370717
0.372682
0.374414
0.375915
0.377179
0.378199
0.378971
0.379498
0.379785
0.379838
0.379660
0.379255
0.378627
0.377778
0.376714
0.375437
0.373952
0.372261
0.370366
0.368268
0.365969
0.363476
0.360791
0.357919
0.354861
0.351621
0.348206
0.344618
0.340863
0.336945
0.332870
0.328648
0.324285
0.319790
0.315170
0.310435
0.305593
0.300653
0.295625
0.290510
0.285307
0.280021
0.274658
0.269219
0.263707
0.258126
0.252475
0.246752
0.240954
0.235079
0.229128
0.223105
0.217008
0.210832
0.204572
0.198232
0.191817
0.185332
0.178782
0.172171
0.165509
0.158813
0.152096
0.145368
0.138634
0.131906
0.125196
0.118514
0.111862
0.105233
0.098622
0.092033
0.085478
0.078971
0.072525
0.066143
0.059827
0.053574
0.047380
0.041245
0.035169
0.029146
0.023174
0.017251
0.011380
0.005559
-0.000218
-0.005958
-0.011659
-0.017322
-0.022948
-0.028537
-0.034085
-0.039577
-0.044989
-0.050300
-0.055506
-0.060612
-0.065626
-0.070550
-0.075384
-0.080124
-0.084765
-0.089302
-0.093728
-0.098043
-0.102246
-0.106337
-0.110313
-0.114175
-0.117917
-0.121531
-0.125010
-0.128349
-0.131543
-0.134591
-0.137487
-0.140230
-0.142821
-0.145257
-0.147540
-0.149671
-0.151656
-0.153496
-0.155191
-0.156740
-0.158146
-0.159410
-0.160531
-0.161507
-0.162335
-0.163009
-0.163525
-0.163877
-0.164066
-0.164092
-0.163956
-0.163663
-0.163219
-0.162627
-0.161891
-0.161015
-0.160005
-0.158865
-0.157601
-0.156218
-0.154716
-0.153097
-0.151361
-0.149510
-0.147542
-0.145456
-0.143250
-0.140924
-0.138481
-0.135925
-0.133256
-0.130480
-0.127599
-0.124617
-0.121534
-0.118352
-0.115070
-0.111685
-0.108199
-0.104613
-0.100929
-0.097146
-0.093270
-0.089311
-0.085279
-0.081175
-0.076988
-0.072706
-0.068321
-0.063832
-0.059238
-0.054537
-0.049728
-0.044811
-0.039787
-0.034660
-0.029435
-0.024113
-0.018698
-0.013199
-0.007624
-0.001979
0.003728
0.009492
0.015309
0.021174
0.027084
0.033039
0.039049
0.045122
0.051255
0.057429
0.063624
0.069825
0.076032
0.082239
0.088443
0.094639
0.100822
0.106987
0.113128
0.119239
0.125316
0.131354
0.137354
0.143314
0.149228
0.155093
0.160904
0.166659
0.172350
0.177974
0.183531
0.189015
0.194422
0.199749
0.204998
0.210163
0.215238
0.220219
0.225101
0.229878
0.234542
0.239083
0.243494
0.247770
0.251911
0.255910
0.259763
0.263470
0.267031
0.270448
0.273727
0.276870
0.279878
0.282753
0.285499
0.288121
0.290621
0.293004
0.295272
0.297430
0.299479
0.301420
0.303252
0.304977
0.306598
0.308115
0.309527
0.310832
0.312030
0.313124
0.314118
0.315016
0.315820
0.316533
0.317156
0.317691
0.318139
0.318507
0.318797
0.319005
0.319123
0.319131
0.319012
0.318770
0.318432
0.318010
0.317503
0.316906
0.316219
0.315440
0.314570
0.313611
0.312561
0.311422
0.310197
0.308890
0.307502
0.306037
0.304498
0.302890
0.301218
0.299484
0.297689
0.295834
0.293919
0.291950
0.289938
0.287896
0.285831
0.283734
0.281596
0.279408
0.277171
0.274886
0.272552
0.270170
0.267739
0.265261
0.262734
0.260155
0.257525
0.254844
0.252115
0.249338
0.246509
0.243626
0.240687
0.237694
0.234646
0.231539
0.228368
0.225124
0.221808
0.218424
0.214976
0.211466
0.207896
0.204264
0.200570
0.196814
0.192995
0.189110
0.185158
0.181137
0.177040
0.172861
0.168600
0.164255
0.159825
0.155312
0.150714
0.146030
0.141260
0.136403
0.131460
0.126433
0.121326
0.116146
0.110902
0.105604
0.100267
0.094902
0.089519
0.084128
0.078740
0.073365
0.068015
0.062700
0.057421
0.052184
0.046995
0.041857
0.036777
0.031763
0.026824
0.021966
0.017195
0.012517
0.007935
0.003451
-0.000936
-0.005236
-0.009459
-0.013610
-0.017681
-0.021658
-0.025532
-0.029302
-0.032962
-0.036502
-0.039911
-0.043190
-0.046342
-0.049365
-0.052252
-0.055003
-0.057615
-0.060088
-0.062415
-0.064588
-0.066604
-0.068459
-0.070151
-0.071676
-0.073032
-0.074219
-0.075232
-0.076058
-0.076691
-0.077136
-0.077403
-0.077506
-0.077452
-0.077248
-0.076898
-0.076404
-0.075765
-0.074984
-0.074068
-0.073025
-0.071859
-0.070572
-0.069168
-0.067652
-0.066023
-0.064282
-0.062432
-0.060478
-0.058424
-0.056276
-0.054037
-0.051713
-0.049308
-0.046830
-0.044284
-0.041676
-0.039010
-0.036293
-0.033527
-0.030714
-0.027857
-0.024962
-0.022040
-0.019095
-0.016126
-0.013132
-0.010108
-0.007054
-0.003970
-0.000856
0.002291
0.005473
0.008695
0.011961
0.015278
0.018645
0.022052
0.025495
0.028973
0.032483
0.036021
0.039581
0.043159
0.046748
0.050339
0.053925
0.057496
0.061051
0.064590
0.068110
0.071611
0.075093
0.078555
0.081996
0.085412
0.088804
0.092173
0.095515
0.098821
0.102083
0.105290
0.108428
0.111482
0.114444
0.117314
0.120101
0.122810
0.125444
0.128006
0.130496
0.132912
0.135258
0.137537
0.139754
0.141912
0.144015
0.146071
0.148086
0.150063
0.152007
0.153917
0.155789
0.157621
0.159412
0.161166
0.162889
0.164588
0.166266
0.167915
0.169515
0.171050
0.172508
0.173882
0.175166
0.176351
0.177428
0.178390
0.179235
0.179960
0.180561
0.181036
0.181388
0.181624
0.181749
0.181763
0.181672
0.181479
0.181191
0.180812
0.180347
0.179805
0.179192
0.178511
0.177765
0.176954
0.176077
0.175129
0.174110
0.173019
0.171857
0.170625
0.169319
0.167937
0.166475
0.164935
0.163319
0.161628
0.159859
0.158009
0.156077
0.154061
0.151960
0.149778
0.147514
0.145173
0.142759
0.140275
0.137722
0.135104
0.132423
0.129687
0.126902
0.124073
0.121202
0.118292
0.115347
0.112366
0.109346
0.106286
0.103190
0.100057
0.096888
0.093685
0.090448
0.087177
0.083871
0.080534
0.077168
0.073777
0.070361
0.066920
0.063451
0.059962
0.056460
0.052950
0.049437
0.045923
0.042410
0.038901
0.035397
0.031902
0.028415
0.024936
0.021468
0.018015
0.014582
0.011170
0.007784
0.004426
0.001100
-0.002186
-0.005429
-0.008625
-0.011770
-0.014859
-0.017882
-0.020827
-0.023691
-0.026479
-0.029199
-0.031861
-0.034468
-0.037019
-0.039513
-0.041951
-0.044332
-0.046660
-0.048934
-0.051157
-0.053330
-0.055458
-0.057544
-0.059593
-0.061608
-0.063594
-0.065552
-0.067481
-0.069382
-0.071252
-0.073092
-0.074904
-0.076685
-0.078434
-0.080149
-0.081830
-0.083476
-0.085085
-0.086655
-0.088185
-0.089675
-0.091123
-0.092525
-0.093879
-0.095186
-0.096442
-0.097650
-0.098806
-0.099913
-0.100970
-0.101977
-0.102937
-0.103847
-0.104709
-0.105526
-0.106297
-0.107022
-0.107699
-0.108328
-0.108911
-0.109449
-0.109943
-0.110391
-0.110795
-0.111156
-0.111474
-0.111748
-0.111980
-0.112168
-0.112312
-0.112410
-0.112465
-0.112476
-0.112445
-0.112371
-0.112254
-0.112094
-0.111894
-0.111656
-0.111380
-0.111065
-0.110716
-0.110340
-0.109943
-0.109530
-0.109100
-0.108650
-0.108178
-0.107685
-0.107172
-0.106644
-0.106104
-0.105554
-0.104996
-0.104432
-0.103862
-0.103287
-0.102706
-0.102118
-0.101523
-0.100919
-0.100302
-0.099672
-0.099025
-0.098360
-0.097677
-0.096972
-0.096240
-0.095476
-0.094679
-0.093854
-0.093007
-0.092140
-0.091254
-0.090347
-0.089419
-0.088470
-0.087500
-0.086505
-0.085487
-0.084443
-0.083373
-0.082277
-0.081154
-0.080004
-0.078829
-0.077627
-0.076402
-0.075154
-0.073884
-0.072595
-0.071289
-0.069968
-0.068636
-0.067294
-0.065946
-0.064594
-0.063241
-0.061890
-0.060544
-0.059206
-0.057881
-0.056568
-0.055269
-0.053985
-0.052718
-0.051467
-0.050234
-0.049020
-0.047827
-0.046656
-0.045505
-0.044375
-0.043266
-0.042177
-0.041108
-0.040060
-0.039032
-0.038023
-0.037034
-0.036066
-0.035118
-0.034191
-0.033286
-0.032403
-0.031542
-0.030704
-0.029889
-0.029098
-0.028331
-0.027588
-0.026869
-0.026174
-0.025503
-0.024857
-0.024236
-0.023640
-0.023069
-0.022521
-0.021994
-0.021489
-0.021005
-0.020544
-0.020106
-0.019691
-0.019298
-0.018922
-0.018564
-0.018223
-0.017899
-0.017592
-0.017301
-0.017028
-0.016772
-0.016534
-0.016312
-0.016107
-0.015918
-0.015745
-0.015587
-0.015443
-0.015313
-0.015196
-0.015090
-0.014997
-0.014915
-0.014842
-0.014777
-0.014719
-0.014666
-0.014620
-0.014580
-0.014548
-0.014522
-0.014502
-0.014487
-0.014476
-0.014470
-0.014467
-0.014467
-0.014469
-0.014472
-0.014475
-0.014478
-0.014479
-0.014479
-0.014476
-0.014470
-0.014460
-0.014447
-0.014429
-0.014407
-0.014380
-0.014349
-0.014314
-0.014273
-0.014227
-0.014177
-0.014121
-0.014061
-0.013996
-0.013926
-0.013851
-0.013771
-0.013687
-0.013599
-0.013506
-0.013409
-0.013308
-0.013204
-0.013095
-0.012983
-0.012867
-0.012748
-0.012626
-0.012501
-0.012373
-0.012242
-0.012108
-0.011972
-0.011833
-0.011692
-0.011548
-0.011402
-0.011253
-0.011103
-0.010950
-0.010795
-0.010638
-0.010480
-0.010319
-0.010157
-0.009993
-0.009828
-0.009661
-0.009493
-0.009324
-0.009153
-0.008981
-0.008809
-0.008636
-0.008462
-0.008288
-0.008114
-0.007940
-0.007766
-0.007591
-0.007418
-0.007244
-0.007071
-0.006898
-0.006726
-0.006554
-0.006384
-0.006214
-0.006045
-0.005877
-0.005710
-0.005545
-0.005380
-0.005217
-0.005056
-0.004896
-0.004737
-0.004581
-0.004426
-0.004272
-0.004121
-0.003972
-0.003824
-0.003679
-0.003536
-0.003395
-0.003257
-0.003121
-0.002987
-0.002856
-0.002727
-0.002601
-0.002478
-0.002357
-0.002239
-0.002125
-0.002013
-0.001904
-0.001798
-0.001695
-0.001596
-0.001499
-0.001407
-0.001317
-0.001231
-0.001149
-0.001070
-0.000995
-0.000923
-0.000855
-0.000792
-0.000732
-0.000676
-0.000624
-0.000577
-0.000534
-0.000495
-0.000460
-0.000430
-0.000404
-0.000384
-0.000367
-0.000356
-0.000349
-0.000347
