0.000000
0.001852
0.007411
0.016696
0.029716
0.046437
0.066828
0.090920
0.118701
0.150027
0.184793
0.223060
0.264829
0.309886
0.358047
0.409312
0.463699
0.521178
0.581773
0.645539
0.712395
0.782035
0.854166
0.928927
1.006821
1.088063
1.172307
1.259070
1.348111
1.439479
1.533286
1.629300
1.727251
1.827328
1.929226
2.031950
2.135475
2.240095
2.344626
2.448225
2.552226
2.658385
2.767081
2.877754
2.990289
3.105528
3.224178
3.345969
3.470070
3.594753
3.716684
3.833482
3.946689
4.058690
4.169055
4.278112
4.389673
4.505139
4.620164
4.731975
4.842866
4.952680
5.056763
5.153469
5.245524
5.334068
5.418443
5.500141
5.580787
5.659664
5.736645
5.813387
5.891535
5.970893
6.048052
6.118838
6.182692
6.242460
6.301181
6.360989
6.422445
6.484056
6.545151
6.607098
6.669536
6.730257
6.788963
6.846473
6.903101
6.958711
7.010460
7.055348
7.096219
7.137122
7.176194
7.209197
7.235221
7.257131
7.278153
7.298483
7.316578
7.331653
7.342904
7.349846
7.354951
7.361040
7.365868
7.364908
7.357535
7.346199
7.332861
7.318283
7.302990
7.287678
7.271028
7.248782
7.218310
7.182806
7.148065
7.116015
7.084247
7.050020
7.011724
6.967786
6.917858
6.864881
6.810895
6.752715
6.686278
6.609725
6.521964
6.426472
6.333114
6.246937
6.159577
6.061639
5.957547
5.859502
5.773786
5.695769
5.614521
5.525285
5.435406
5.352914
5.276841
5.202979
5.127283
5.043069
4.946919
4.844099
4.741488
4.642152
4.548670
4.463096
4.382226
4.300581
4.219374
4.144150
4.074702
4.005086
3.929495
3.844790
3.751516
3.653072
3.555467
3.467030
3.388776
3.309476
3.222746
3.137242
3.062495
2.999554
2.944957
2.892796
2.836277
2.773097
2.707453
2.646909
2.597551
2.556954
2.514013
2.461442
2.403475
2.348160
2.300800
2.262939
2.228520
2.188629
2.144450
2.105600
2.075371
2.047584
2.016409
1.980676
1.942857
1.908181
1.876887
1.840089
1.791829
1.736450
1.679457
1.621638
1.562866
1.504981
1.450587
1.400363
1.354010
1.312500
1.274763
1.235964
1.190066
1.130144
1.052527
0.963643
0.875006
0.792850
0.719169
0.657932
0.616718
0.607283
0.644375
0.737793
0.885595
1.081811
1.327284
1.625839
1.978220
2.384618
2.845444
3.360183
3.929081
4.552628
5.229397
5.954256
6.715933
7.496773
8.274753
9.026067
9.727413
10.356000
10.889240
11.306630
11.593980
11.749150
11.783300
11.712360
11.544690
11.276330
10.900900
10.424710
9.868028
9.253146
8.595510
7.902313
7.173298
6.406027
5.619734
4.873508
4.217515
3.633214
3.092756
2.631980
2.288965
2.055854
1.923821
1.900340
1.987942
2.177737
2.451009
2.780605
3.139449
3.509999
3.883185
4.250020
4.598832
4.919934
5.210250
5.478334
5.743428
6.012917
6.273812
6.521753
6.758649
6.968541
7.143396
7.300055
7.445827
7.563244
7.631106
7.640363
7.597189
7.517655
7.411587
7.274613
7.101811
6.895863
6.658587
6.385931
6.066779
5.689137
5.263079
4.826895
4.415212
4.031722
3.664029
3.315436
3.005835
2.745014
2.521372
2.317942
2.126376
1.944136
1.770644
1.606828
1.452575
1.309783
1.188313
1.100706
1.049523
1.021283
0.997431
0.978140
0.988750
1.053324
1.169099
1.316816
1.484119
1.659280
1.816385
1.931196
1.997542
2.015003
1.982470
1.910319
1.816583
1.706916
1.573613
1.416317
1.251566
1.099033
0.963421
0.832588
0.693960
0.546670
0.396547
0.251391
0.124692
0.027511
-0.045459
-0.105002
-0.150007
-0.174546
-0.181535
-0.178707
-0.167686
-0.146395
-0.114088
-0.068240
-0.009062
0.057311
0.128494
0.207342
0.296189
0.393073
0.484301
0.548629
0.573639
0.557489
0.503333
0.420660
0.312717
0.162522
-0.050169
-0.334236
-0.694721
-1.129281
-1.620990
-2.142219
-2.657061
-3.133243
-3.560729
-3.950718
-4.320144
-4.678143
-5.019266
-5.332829
-5.619409
-5.886718
-6.138736
-6.386147
-6.647794
-6.931406
-7.229975
-7.531437
-7.827489
-8.122063
-8.424692
-8.729931
-9.019233
-9.287986
-9.547152
-9.792948
-9.998026
-10.136660
-10.202550
-10.197080
-10.106540
-9.908835
-9.614186
-9.272244
-8.916317
-8.526274
-8.061060
-7.503654
-6.865860
-6.173903
-5.472329
-4.828387
-4.298528
-3.894463
-3.607915
-3.439306
-3.375256
-3.380802
-3.430819
-3.523231
-3.663040
-3.854896
-4.112569
-4.443105
-4.834535
-5.290289
-5.825106
-6.431003
-7.099657
-7.835900
-8.627090
-9.436838
-10.228800
-10.985910
-11.706980
-12.392070
-13.041700
-13.653090
-14.208020
-14.672810
-15.015140
-15.231670
-15.350670
-15.396160
-15.367300
-15.256430
-15.060120
-14.767380
-14.363710
-13.859410
-13.291250
-12.682600
-12.038980
-11.383900
-10.749130
-10.139520
-9.543752
-8.962577
-8.404398
-7.871599
-7.367698
-6.905061
-6.493044
-6.131628
-5.830569
-5.614980
-5.494289
-5.433179
-5.375044
-5.301956
-5.263157
-5.333022
-5.515797
-5.714450
-5.831188
-5.872217
-5.925593
-6.044421
-6.185581
-6.270559
-6.252546
-6.103022
-5.786633
-5.293366
-4.673148
-3.994547
-3.280776
-2.510192
-1.651785
-0.715827
0.193406
0.933216
1.465871
1.906081
2.428917
3.144822
4.037094
5.009118
5.971580
6.854789
7.590944
8.159662
8.625710
9.093595
9.648775
10.330450
11.113890
11.911400
12.602310
13.088550
13.356600
13.478300
13.544690
13.618020
13.711480
13.785840
13.819630
13.890830
14.142060
14.681840
15.540440
16.688810
18.067140
19.599430
21.219550
22.877800
24.500170
25.995170
27.338050
28.595570
29.837890
31.078060
32.308300
33.525120
34.686320
35.689430
36.430950
36.886780
37.147500
37.333640
37.465210
37.507250
37.487430
37.453800
37.388150
37.243250
37.016700
36.718480
36.304890
35.728060
35.006310
34.171810
33.195110
32.013900
30.633060
29.167680
27.748150
26.396870
25.032080
23.568710
21.974120
20.247510
18.408050
16.491330
14.530430
12.575390
10.703430
8.970113
7.399625
6.026127
4.887507
3.971235
3.189591
2.425307
1.589169
0.626467
-0.488160
-1.756281
-3.161196
-4.629365
-6.029992
-7.264200
-8.305661
-9.184527
-10.001140
-10.895680
-11.957620
-13.204230
-14.617960
-16.126400
-17.599820
-18.920400
-20.028200
-20.942870
-21.731590
-22.427130
-23.023500
-23.528380
-23.972410
-24.386390
-24.779260
-25.127010
-25.386620
-25.525190
-25.543720
-25.481690
-25.382480
-25.243830
-25.022140
-24.678750
-24.199520
-23.596860
-22.913030
-22.200670
-21.517960
-20.953450
-20.610360
-20.543250
-20.699830
-20.936960
-21.130980
-21.258370
-21.368280
-21.520540
-21.762080
-22.129070
-22.623930
-23.191410
-23.749370
-24.234060
-24.607500
-24.855870
-24.997330
-25.071690
-25.111250
-25.114350
-25.053830
-24.926760
-24.770210
-24.605420
-24.396320
-24.081710
-23.621420
-23.002560
-22.240030
-21.387810
-20.529750
-19.755750
-19.140530
-18.720120
-18.475300
-18.333370
-18.190150
-17.964800
-17.662300
-17.356120
-17.106590
-16.943170
-16.898410
-16.996700
-17.239160
-17.599210
-17.971850
-18.211710
-18.295870
-18.339790
-18.443980
-18.627660
-18.881600
-19.192750
-19.515720
-19.783180
-19.964910
-20.093950
-20.244130
-20.487800
-20.855500
-21.322330
-21.815530
-22.243940
-22.543950
-22.696570
-22.706300
-22.576570
-22.319420
-21.995060
-21.691150
-21.429250
-21.144710
-20.777690
-20.343250
-19.908680
-19.532480
-19.246500
-19.059710
-18.925470
-18.752030
-18.493260
-18.170600
-17.798020
-17.366090
-16.894930
-16.431480
-15.995000
-15.573390
-15.173590
-14.835830
-14.593130
-14.440520
-14.340210
-14.232300
-14.042090
-13.706120
-13.203920
-12.567570
-11.865040
-11.155530
-10.454670
-9.750329
-9.033821
-8.313767
-7.610287
-6.933666
-6.285289
-5.680302
-5.134324
-4.622222
-4.081029
-3.465505
-2.791516
-2.114443
-1.457735
-0.792340
-0.098575
0.609331
1.323498
2.039615
2.724217
3.337167
3.862571
4.291499
4.609720
4.820898
4.949393
5.011503
5.023429
5.036159
5.116039
5.286609
5.515345
5.748241
5.939918
6.084196
6.227833
6.423715
6.692174
7.034821
7.440996
7.884674
8.347245
8.836168
9.367074
9.936406
10.516380
11.069660
11.568330
12.009040
12.411940
12.794900
13.163050
13.532310
13.934660
14.397760
14.935230
15.546780
16.219940
16.930050
17.637470
18.297800
18.892510
19.453870
20.037620
20.656330
21.268930
21.848180
22.414690
22.993700
23.592150
24.226230
24.921970
25.687070
26.513310
27.393180
28.310830
29.230280
30.105290
30.892990
31.564710
32.111670
32.545130
32.900190
33.211370
33.479230
33.696930
33.883040
34.059720
34.235460
34.411950
34.577970
34.714960
34.822880
34.911330
34.982480
35.048430
35.113460
35.141620
35.098420
34.996400
34.874370
34.756810
34.636550
34.497830
34.341280
34.170050
33.984640
33.799340
33.642810
33.549490
33.542170
33.611120
33.725690
33.860690
33.996210
34.106020
34.161550
34.148100
34.075140
33.963090
33.820760
33.645810
33.437560
33.192650
32.895490
32.531510
32.101660
31.609140
31.050460
30.430570
29.764610
29.061260
28.319070
27.536070
26.711730
25.850240
24.970120
24.093930
23.237850
22.421260
21.660830
20.951880
20.270550
19.596550
18.932970
18.293450
17.672700
17.048360
16.403280
15.739830
15.081180
14.452280
13.860640
13.304540
12.781330
12.271940
11.740460
11.162900
10.542240
9.884000
9.174673
8.416056
7.653510
6.927448
6.232232
5.554170
4.908930
4.316625
3.766614
3.224160
2.661055
2.058582
1.388415
0.628942
-0.201605
-1.056534
-1.903484
-2.746519
-3.601432
-4.456881
-5.282463
-6.070450
-6.840808
-7.610771
-8.379860
-9.136430
-9.876821
-10.611980
-11.341300
-12.046440
-12.722970
-13.390270
-14.069040
-14.769840
-15.508050
-16.312640
-17.201230
-18.155370
-19.139080
-20.125320
-21.091500
-22.021610
-22.916270
-23.776010
-24.585440
-25.324200
-25.981950
-26.557650
-27.050140
-27.455570
-27.778580
-28.036780
-28.242680
-28.398250
-28.516640
-28.622320
-28.722530
-28.803250
-28.851410
-28.858000
-28.808170
-28.687810
-28.495130
-28.240750
-27.938950
-27.598950
-27.227500
-26.834620
-26.432300
-26.040950
-25.691680
-25.404070
-25.176910
-25.005270
-24.882940
-24.800190
-24.760780
-24.772840
-24.817690
-24.869640
-24.935550
-25.033530
-25.149780
-25.249380
-25.320840
-25.384770
-25.450960
-25.497150
-25.512840
-25.523770
-25.542760
-25.542940
-25.506050
-25.441890
-25.344840
-25.190740
-24.983510
-24.757490
-24.538570
-24.340570
-24.179980
-24.056040
-23.938500
-23.808450
-23.682480
-23.569300
-23.449520
-23.320550
-23.204040
-23.099560
-22.978140
-22.813160
-22.595850
-22.337350
-22.059350
-21.781370
-21.520860
-21.281650
-21.039210
-20.766830
-20.454970
-20.087270
-19.645230
-19.139630
-18.588450
-17.981870
-17.302050
-16.550630
-15.742740
-14.889670
-13.994680
-13.083750
-12.229000
-11.491150
-10.855090
-10.265020
-9.681445
-9.081587
-8.458262
-7.818746
-7.155689
-6.452318
-5.719639
-4.983404
-4.250291
-3.520993
-2.804905
-2.104658
-1.421796
-0.772685
-0.174334
0.364939
0.840006
1.265279
1.681475
2.111474
2.533735
2.921705
3.273746
3.601203
3.921397
4.250809
4.585427
4.901850
5.190364
5.473595
5.770117
6.057010
6.300032
6.493590
6.645304
6.759492
6.850308
6.944274
7.061769
7.198134
7.336783
7.479632
7.639043
7.819636
8.032074
8.297025
8.620084
8.978767
9.334674
9.649658
9.906069
10.116040
10.296450
10.451910
10.589750
10.717550
10.820990
10.876880
10.883160
10.845980
10.758300
10.616050
10.434910
10.245160
10.083420
9.980114
9.939620
9.937803
9.950073
9.966286
9.966925
9.930507
9.883259
9.878443
9.930375
10.027840
10.169770
10.345270
10.519850
10.663290
10.775130
10.873750
10.976190
11.097280
11.251450
11.451590
11.703210
11.990440
12.285570
12.574880
12.859980
13.149620
13.453770
13.771270
14.094550
14.425950
14.769750
15.119120
15.466830
15.816510
16.175850
16.546180
16.919920
17.282120
17.614130
17.904270
18.154210
18.363380
18.521320
18.633480
18.723400
18.790660
18.804590
18.746270
18.622370
18.446140
18.227200
17.972870
17.696620
17.419380
17.155380
16.910060
16.690600
16.501070
16.334430
16.180160
16.033440
15.889230
15.725710
15.509910
15.231960
14.917840
14.599880
14.288510
13.977020
13.655440
13.315690
12.956580
12.583040
12.198750
11.799100
11.373090
10.920030
10.457670
10.005660
9.569847
9.145978
8.731624
8.329294
7.943781
7.584832
7.264184
6.980458
6.713940
6.442555
6.154713
5.841158
5.485078
5.071314
4.603401
4.104353
3.598489
3.094057
2.581665
2.045761
1.474047
0.858038
0.198019
-0.491952
-1.193869
-1.892484
-2.572449
-3.226132
-3.858820
-4.471088
-5.049759
-5.584848
-6.075411
-6.520630
-6.922891
-7.289512
-7.620243
-7.906307
-8.148817
-8.361233
-8.546996
-8.694421
-8.802318
-8.888063
-8.958088
-8.996534
-8.993910
-8.959997
-8.902735
-8.817041
-8.697096
-8.544211
-8.361696
-8.152394
-7.922477
-7.679668
-7.425607
-7.157557
-6.879296
-6.600744
-6.328338
-6.068003
-5.833173
-5.638759
-5.488451
-5.371306
-5.273550
-5.195839
-5.151214
-5.147229
-5.187592
-5.283863
-5.442783
-5.648876
-5.871325
-6.086227
-6.292101
-6.500382
-6.714409
-6.926539
-7.126822
-7.307444
-7.466886
-7.614120
-7.764592
-7.929067
-8.110452
-8.309554
-8.522348
-8.733469
-8.924886
-9.091692
-9.241816
-9.381525
-9.508574
-9.617407
-9.704538
-9.766938
-9.798191
-9.792635
-9.752520
-9.685114
-9.596015
-9.491647
-9.383681
-9.282022
-9.183361
-9.073332
-8.939729
-8.779960
-8.601943
-8.417071
-8.225720
-8.019363
-7.797197
-7.564635
-7.320215
-7.058902
-6.779597
-6.478888
-6.148085
-5.782608
-5.387856
-4.971193
-4.528887
-4.048362
-3.525954
-2.976268
-2.426710
-1.908048
-1.442880
-1.035596
-0.673273
-0.335298
-0.003272
0.329871
0.657130
0.967641
1.256246
1.521111
1.762188
1.985149
2.198851
2.406919
2.603042
2.773709
2.903839
2.979601
2.993024
2.949246
2.863368
2.750307
2.621930
2.487319
2.354475
2.234481
2.139961
2.079638
2.056021
2.065156
2.095248
2.126264
2.138690
2.128392
2.105938
2.083326
2.073782
2.091383
2.137123
2.198685
2.264494
2.324844
2.364587
2.369780
2.341715
2.291549
2.226473
2.156211
2.099989
2.073002
2.077327
2.109627
2.167698
2.249178
2.347820
2.454416
2.562608
2.667531
2.760007
2.830671
2.878771
2.911336
2.936065
2.961954
3.003482
3.071059
3.157581
3.244526
3.318655
3.378655
3.431470
3.486536
3.552888
3.638513
3.748248
3.880880
4.028189
4.174907
4.300717
4.388866
4.435783
4.449136
4.437492
4.408408
4.375077
4.351843
4.338518
4.317205
4.268303
4.187349
4.086971
3.987309
3.905350
3.847335
3.807080
3.772955
3.735878
3.691138
3.640140
3.589289
3.540064
3.486748
3.427853
3.366779
3.299199
3.214217
3.106532
2.977534
2.832982
2.683993
2.537314
2.387576
2.227962
2.059192
1.888036
1.725054
1.578025
1.445833
1.322983
1.206017
1.092848
0.981041
0.872662
0.776248
0.696321
0.628339
0.567735
0.515163
0.476488
0.463805
0.488893
0.550110
0.629218
0.703916
0.763252
0.810644
0.854847
0.903870
0.964797
1.040988
1.132214
1.239501
1.361771
1.488859
1.607045
1.710567
1.800636
1.877465
1.939911
1.987046
2.020320
2.049137
2.087893
2.145874
2.222808
2.309700
2.394196
2.469929
2.539854
2.612376
2.698389
2.806256
2.931590
3.055752
3.160851
3.242726
3.305317
3.346912
3.359265
3.338854
3.288728
3.211687
3.111427
2.996406
2.877098
2.759837
2.644849
2.530054
2.410902
2.277101
2.117942
1.931321
1.724784
1.512082
1.308887
1.122039
0.943294
0.762416
0.577398
0.384009
0.171860
-0.059300
-0.295744
-0.529364
-0.761031
-0.983030
-1.182603
-1.362204
-1.536894
-1.715600
-1.898961
-2.089179
-2.289668
-2.499559
-2.716950
-2.942852
-3.176071
-3.409505
-3.634354
-3.842518
-4.027804
-4.190493
-4.335308
-4.465727
-4.585590
-4.699515
-4.810536
-4.921573
-5.033120
-5.139249
-5.234418
-5.321820
-5.410631
-5.511236
-5.633756
-5.782362
-5.949664
-6.121136
-6.284801
-6.436152
-6.576407
-6.708259
-6.833432
-6.954308
-7.075780
-7.201689
-7.330803
-7.460829
-7.593550
-7.728961
-7.858425
-7.972138
-8.068945
-8.152223
-8.221736
-8.275894
-8.316957
-8.347262
-8.365059
-8.369192
-8.362682
-8.347911
-8.321912
-8.279442
-8.219565
-8.146284
-8.062188
-7.966014
-7.856233
-7.730460
-7.583356
-7.410628
-7.212160
-6.990001
-6.748137
-6.493893
-6.234089
-5.969425
-5.696940
-5.417273
-5.134620
-4.851584
-4.569459
-4.290970
-4.019743
-3.759949
-3.516520
-3.293092
-3.089910
-2.905290
-2.738104
-2.587053
-2.449856
-2.324801
-2.210961
-2.106508
-2.008486
-1.914496
-1.823440
-1.733714
-1.641899
-1.544860
-1.442884
-1.338836
-1.233879
-1.126905
-1.018520
-0.912225
-0.810871
-0.714281
-0.621605
-0.533584
-0.450737
-0.372525
-0.299558
-0.233461
-0.174207
-0.119891
-0.069263
-0.022774
0.018951
0.056154
0.089121
0.117617
0.141738
0.162248
0.179721
0.194169
0.205490
0.213769
0.219329
0.222711
0.224476
0.224992
0.224383
0.222588
0.219492
0.215024
0.209190
0.202059
0.193765
0.184521
0.174591
0.164210
0.153531
0.142650
0.131655
0.120633
0.109674
0.098867
0.088294
0.078036
0.068169
0.058773
0.049924
0.041688
0.034129
0.027304
0.021264
0.016056
0.011723
0.008306
0.005838
0.004351
0.003870
