0.000000
0.000020
0.000082
0.000183
0.000325
0.000506
0.000728
0.000989
0.001288
0.001627
0.002004
0.002418
0.002870
0.003358
0.003885
0.004450
0.005052
0.005691
0.006365
0.007074
0.007814
0.008584
0.009384
0.010217
0.011086
0.011992
0.012934
0.013912
0.014929
0.015986
0.017083
0.018211
0.019354
0.020503
0.021663
0.022848
0.024075
0.025350
0.026661
0.027988
0.029321
0.030672
0.032069
0.033532
0.035063
0.036640
0.038249
0.039899
0.041599
0.043309
0.044991
0.046654
0.048328
0.050019
0.051698
0.053313
0.054807
0.056153
0.057386
0.058582
0.059829
0.061208
0.062759
0.064472
0.066285
0.068105
0.069891
0.071721
0.073730
0.075955
0.078246
0.080420
0.082468
0.084503
0.086631
0.088883
0.091214
0.093540
0.095808
0.098049
0.100353
0.102754
0.105188
0.107583
0.110035
0.112737
0.115723
0.118873
0.122049
0.125137
0.128088
0.130947
0.133905
0.137167
0.140628
0.144067
0.147636
0.151746
0.156587
0.161867
0.166980
0.171373
0.174878
0.177785
0.180573
0.183734
0.187640
0.192378
0.197796
0.203610
0.209470
0.215084
0.220377
0.225476
0.230569
0.235850
0.241528
0.247828
0.254879
0.262530
0.270377
0.277929
0.284678
0.290349
0.295117
0.299339
0.303186
0.306615
0.309622
0.312447
0.315488
0.319088
0.323330
0.327966
0.332584
0.336929
0.341247
0.346135
0.351940
0.358565
0.365784
0.373439
0.381405
0.389576
0.397860
0.406158
0.414441
0.422884
0.431866
0.441856
0.453070
0.465156
0.477412
0.489056
0.499429
0.508441
0.516691
0.525073
0.534549
0.545793
0.558635
0.572189
0.585486
0.598010
0.609923
0.621802
0.634194
0.647221
0.660468
0.673382
0.685624
0.697122
0.708074
0.718956
0.730446
0.743063
0.756764
0.771057
0.785319
0.798984
0.811831
0.824174
0.836632
0.849635
0.863083
0.876622
0.890143
0.903797
0.917762
0.932195
0.947253
0.963065
0.979609
0.996695
1.014085
1.031611
1.049149
1.066525
1.083516
1.100083
1.116486
1.133116
1.150222
1.167688
1.185093
1.201911
1.217718
1.232559
1.247077
1.262187
1.278580
1.296266
1.314682
1.333488
1.352888
1.372826
1.392444
1.410782
1.427739
1.444215
1.461103
1.478276
1.494781
1.509826
1.523500
1.536594
1.549977
1.564278
1.579720
1.596032
1.612721
1.629377
1.645506
1.660412
1.673866
1.686571
1.699682
1.714136
1.729969
1.746385
1.762778
1.779016
1.795004
1.810509
1.825412
1.840018
1.854631
1.868943
1.882346
1.894878
1.907619
1.921580
1.936447
1.950835
1.963016
1.971877
1.978170
1.984261
1.992116
2.001629
2.011190
2.019692
2.027388
2.035158
2.043561
2.052262
2.060168
2.066366
2.070914
2.074693
2.078857
2.083975
2.089272
2.093328
2.095492
2.096306
2.096660
2.096842
2.096524
2.095146
2.092309
2.088159
2.083307
2.078171
2.072554
2.065928
2.057740
2.047548
2.035186
2.020540
2.003238
1.982737
1.958416
1.929580
1.896072
1.858944
1.819938
1.780964
1.744124
1.710343
1.677928
1.644180
1.607359
1.566563
1.521452
1.472182
1.418820
1.360976
1.298638
1.233011
1.165963
1.098986
1.032617
0.966609
0.900540
0.834324
0.768452
0.703788
0.640860
0.578875
0.515888
0.451039
0.385957
0.323474
0.265653
0.212708
0.163504
0.117007
0.073211
0.032966
-0.003244
-0.036194
-0.067191
-0.096631
-0.123456
-0.146113
-0.163901
-0.177266
-0.187072
-0.194085
-0.199055
-0.202763
-0.206007
-0.209412
-0.213025
-0.216252
-0.218351
-0.219051
-0.218740
-0.217683
-0.215177
-0.209777
-0.200157
-0.186400
-0.170593
-0.155301
-0.141830
-0.130176
-0.119855
-0.110635
-0.102990
-0.097944
-0.096498
-0.099236
-0.106292
-0.117676
-0.133505
-0.154033
-0.179099
-0.206992
-0.234357
-0.258059
-0.276546
-0.289389
-0.296934
-0.300190
-0.300237
-0.297530
-0.291643
-0.282076
-0.269039
-0.253134
-0.234598
-0.213092
-0.188026
-0.158945
-0.125716
-0.088412
-0.047137
-0.002270
0.045282
0.094309
0.143546
0.192049
0.239675
0.286682
0.333032
0.378437
0.422582
0.465147
0.505813
0.544118
0.579308
0.610909
0.639450
0.666184
0.692527
0.719623
0.747986
0.777773
0.809121
0.842135
0.876923
0.913524
0.951518
0.989815
1.027143
1.062790
1.096817
1.129541
1.161067
1.191548
1.221624
1.252294
1.284605
1.319686
1.358516
1.400994
1.445551
1.490229
1.533564
1.574756
1.614026
1.652413
1.690999
1.730141
1.769125
1.806697
1.842209
1.876392
1.910703
1.945858
1.981227
2.015820
2.049328
2.081898
2.113577
2.144023
2.172774
2.200011
2.226573
2.253057
2.279858
2.307859
2.337762
2.369110
2.400962
2.433130
2.466160
2.500109
2.533766
2.565283
2.593227
2.616987
2.636387
2.651258
2.661527
2.667520
2.670066
2.670218
2.669040
2.667639
2.667081
2.668136
2.671194
2.676472
2.683818
2.692405
2.701068
2.708653
2.713954
2.715682
2.712998
2.706212
2.696463
2.684647
2.670892
2.655171
2.637609
2.617887
2.595188
2.568633
2.537715
2.502573
2.463701
2.421647
2.376772
2.328825
2.276960
2.220129
2.157309
2.087742
2.011084
1.927171
1.835827
1.736975
1.631012
1.518961
1.402140
1.281887
1.159269
1.034805
0.908709
0.781191
0.652466
0.522548
0.390924
0.256612
0.118425
-0.024848
-0.173680
-0.327129
-0.483544
-0.641256
-0.798498
-0.953444
-1.104895
-1.252816
-1.397675
-1.539643
-1.678552
-1.814096
-1.946091
-2.074759
-2.200715
-2.324719
-2.447473
-2.569471
-2.691181
-2.813366
-2.937003
-3.063104
-3.192653
-3.326385
-3.464659
-3.607701
-3.755727
-3.908486
-4.064887
-4.223424
-4.382583
-4.540804
-4.696446
-4.848195
-4.995707
-5.139533
-5.280504
-5.419485
-5.557401
-5.695222
-5.833700
-5.972963
-6.112567
-6.251864
-6.390168
-6.527050
-6.662591
-6.796805
-6.928990
-7.058009
-7.182687
-7.301817
-7.414146
-7.518453
-7.613771
-7.699583
-7.775817
-7.842776
-7.900876
-7.950368
-7.991385
-8.024163
-8.049163
-8.066978
-8.077927
-8.081667
-8.077436
-8.064602
-8.042909
-8.012306
-7.972830
-7.924792
-7.868814
-7.805640
-7.736042
-7.660732
-7.580098
-7.494125
-7.402684
-7.305761
-7.203399
-7.095640
-6.982508
-6.863978
-6.739982
-6.610429
-6.475326
-6.334895
-6.189497
-6.039516
-5.885308
-5.727184
-5.565441
-5.400368
-5.232097
-5.060476
-4.885265
-4.706674
-4.525631
-4.343393
-4.161260
-3.980569
-3.802329
-3.626893
-3.454303
-3.284527
-3.117242
-2.951770
-2.787269
-2.623041
-2.459047
-2.296055
-2.135190
-1.977607
-1.824210
-1.675379
-1.531167
-1.391544
-1.256399
-1.125573
-0.999149
-0.877740
-0.762278
-0.653755
-0.553220
-0.461459
-0.378584
-0.304307
-0.238342
-0.180073
-0.127858
-0.079216
-0.032089
0.014491
0.061017
0.107922
0.155357
0.203167
0.251082
0.298903
0.346617
0.394368
0.442349
0.490762
0.539814
0.589724
0.640778
0.693361
0.747936
0.805011
0.864696
0.926186
0.988104
1.048959
1.107267
1.162056
1.213238
1.261150
1.306175
1.348575
1.388197
1.424473
1.456771
1.484985
1.509895
1.532724
1.554463
1.575553
1.596100
1.616166
1.635686
1.654354
1.671724
1.687332
1.700710
1.711377
1.718825
1.722743
1.723364
1.721371
1.717554
1.712737
1.707798
1.703373
1.699567
1.696183
1.693071
1.690280
1.688065
1.686778
1.686826
1.688379
1.690679
1.691941
1.690136
1.683748
1.671952
1.654428
1.631170
1.602334
1.568083
1.528554
1.484168
1.436117
1.386257
1.336429
1.288009
1.242036
1.199488
1.160940
1.126146
1.094389
1.064900
1.037212
1.011546
0.988521
0.968801
0.953060
0.941685
0.934558
0.931324
0.931603
0.935133
0.941943
0.952270
0.966219
0.983341
1.002571
1.022882
1.043955
1.066064
1.089608
1.114575
1.140237
1.165483
1.189462
1.212042
1.233686
1.255043
1.276830
1.299522
1.322848
1.345876
1.367466
1.386785
1.403676
1.418365
1.431099
1.442156
1.451845
1.460481
1.468292
1.475325
1.481528
1.486830
1.491243
1.495028
1.498678
1.502776
1.507627
1.512922
1.517998
1.522239
1.525257
1.526914
1.527182
1.526071
1.523487
1.519034
1.512365
1.503661
1.493430
1.482192
1.470392
1.458299
1.445942
1.433061
1.419372
1.405017
1.390525
1.376521
1.363643
1.352548
1.343928
1.338399
1.336107
1.336531
1.338786
1.341773
1.344122
1.344320
1.341058
1.333785
1.322768
1.308594
1.291903
1.273252
1.252896
1.230847
1.207072
1.181530
1.154164
1.124902
1.093739
1.060829
1.026456
0.990949
0.954457
0.916686
0.877011
0.834707
0.789100
0.740031
0.688087
0.634205
0.579375
0.524426
0.469601
0.414829
0.360361
0.306689
0.254277
0.203613
0.155230
0.109453
0.066168
0.024991
-0.014391
-0.051994
-0.087481
-0.120346
-0.150242
-0.177381
-0.202446
-0.225930
-0.247825
-0.267906
-0.285944
-0.301684
-0.314844
-0.325213
-0.332859
-0.338114
-0.341095
-0.341353
-0.338176
-0.330826
-0.318497
-0.300716
-0.277902
-0.251196
-0.221888
-0.190625
-0.157044
-0.120603
-0.080955
-0.037663
0.009465
0.059952
0.112852
0.167119
0.221649
0.275439
0.327946
0.379129
0.429091
0.477903
0.525628
0.572282
0.617796
0.662030
0.704763
0.745401
0.783142
0.817849
0.850142
0.880832
0.910691
0.940091
0.968759
0.996121
1.021602
1.044579
1.064390
1.080567
1.093063
1.102077
1.107808
1.110451
1.110454
1.108697
1.105903
1.102067
1.096820
1.089787
1.080695
1.069515
1.056355
1.041321
1.024610
1.006585
0.987668
0.968136
0.947865
0.926242
0.902658
0.877109
0.850061
0.822089
0.793819
0.765728
0.737848
0.709875
0.681425
0.652073
0.621513
0.589892
0.557836
0.526151
0.495183
0.464306
0.432384
0.398718
0.363389
0.326718
0.288877
0.250016
0.210284
0.169659
0.127866
0.084712
0.040502
-0.004460
-0.050435
-0.097677
-0.145967
-0.194901
-0.244085
-0.293243
-0.342296
-0.391107
-0.439345
-0.486618
-0.532591
-0.577052
-0.619872
-0.660989
-0.700527
-0.738817
-0.776180
-0.812600
-0.847630
-0.880604
-0.910968
-0.938777
-0.964943
-0.990773
-1.017033
-1.043401
-1.069090
-1.093609
-1.116742
-1.138195
-1.157396
-1.173714
-1.186838
-1.196861
-1.204034
-1.208626
-1.210919
-1.211244
-1.210129
-1.208372
-1.206899
-1.206556
-1.207938
-1.211331
-1.216756
-1.223989
-1.232695
-1.242537
-1.253163
-1.264202
-1.275366
-1.286661
-1.298401
-1.310866
-1.323912
-1.336978
-1.349356
-1.360342
-1.369324
-1.375828
-1.379431
-1.379762
-1.376718
-1.370477
-1.361164
-1.348686
-1.332864
-1.313533
-1.290560
-1.263841
-1.233252
-1.198893
-1.161544
-1.122456
-1.082556
-1.042172
-1.001412
-0.960201
-0.917999
-0.873921
-0.827190
-0.777799
-0.726763
-0.675597
-0.625675
-0.577537
-0.530585
-0.483679
-0.435816
-0.386709
-0.336985
-0.287647
-0.239754
-0.194460
-0.152503
-0.113602
-0.076799
-0.040986
-0.005116
0.031320
0.068032
0.104524
0.140914
0.178163
0.217641
0.260320
0.305989
0.353377
0.400879
0.446938
0.490242
0.530131
0.567137
0.602678
0.637782
0.672518
0.706609
0.739921
0.772470
0.804336
0.835607
0.866390
0.896865
0.927337
0.957909
0.987970
1.016252
1.041472
1.062841
1.080040
1.093003
1.102121
1.108396
1.113078
1.117410
1.122685
1.130278
1.141106
1.154728
1.169478
1.183432
1.195085
1.203478
1.208186
1.209450
1.207979
1.204572
1.200040
1.195242
1.191031
1.187899
1.185692
1.184064
1.182978
1.182457
1.181974
1.180502
1.177487
1.173362
1.169009
1.164998
1.160997
1.156145
1.150097
1.143143
1.135733
1.128334
1.121464
1.115627
1.111163
1.108193
1.106775
1.106976
1.108565
1.111013
1.114278
1.119047
1.126238
1.136663
1.150923
1.169502
1.192867
1.221463
1.255770
1.296204
1.342273
1.391778
1.441972
1.491651
1.541238
1.591616
1.643656
1.697950
1.754359
1.811932
1.869334
1.925134
1.977959
2.026970
2.071942
2.112651
2.148606
2.179267
2.204099
2.222537
2.234060
2.238282
2.234942
2.223836
2.204721
2.177361
2.142299
2.101478
2.057355
2.011921
1.966718
1.923006
1.881816
1.843878
1.809358
1.777903
1.749027
1.722359
1.697496
1.673664
1.649842
1.625335
1.599941
1.573658
1.546399
1.517799
1.487182
1.453971
1.418362
1.381464
1.344750
1.309707
1.277892
1.250953
1.229995
1.214680
1.203489
1.194744
1.187231
1.180069
1.172302
1.163471
1.154296
1.146059
1.139851
1.136465
1.136591
1.140761
1.148857
1.159972
1.172897
1.186637
1.200568
1.214228
1.227276
1.239841
1.252603
1.266452
1.282319
1.301052
1.323060
1.348206
1.376153
1.406529
1.438753
1.471959
1.505153
1.537339
1.567509
1.594632
1.617727
1.636035
1.649059
1.656407
1.657693
1.652547
1.640582
1.621321
1.594165
1.558454
1.513594
1.459221
1.395176
1.321664
1.240128
1.153542
1.064890
0.975686
0.886208
0.796134
0.704696
0.610864
0.513587
0.412324
0.307478
0.199938
0.090599
-0.019802
-0.130841
-0.242145
-0.352896
-0.461751
-0.567152
-0.667531
-0.761278
-0.846750
-0.922520
-0.987727
-1.042176
-1.086355
-1.121253
-1.148007
-1.167826
-1.181886
-1.190588
-1.193214
-1.189207
-1.179126
-1.164036
-1.144955
-1.122516
-1.096659
-1.066954
-1.033078
-0.994973
-0.952714
-0.906343
-0.855873
-0.801302
-0.742525
-0.679263
-0.611107
-0.537715
-0.459469
-0.377899
-0.295093
-0.213237
-0.134321
-0.059198
0.012603
0.081487
0.147059
0.208828
0.266497
0.319742
0.368239
0.411594
0.449178
0.480153
0.503711
0.519358
0.526982
0.526634
0.518384
0.502257
0.478135
0.445782
0.404880
0.355174
0.297345
0.233677
0.167260
0.100552
0.034839
-0.028864
-0.089147
-0.144491
-0.193386
-0.234422
-0.266563
-0.289015
-0.300992
-0.302412
-0.294600
-0.279658
-0.259765
-0.236741
-0.211597
-0.184825
-0.156491
-0.126004
-0.092435
-0.054805
-0.012339
0.034920
0.086029
0.139710
0.194657
0.249532
0.302941
0.353532
0.400579
0.444373
0.485361
0.523338
0.557777
0.588166
0.613961
0.634567
0.649422
0.658347
0.661759
0.660359
0.654871
0.646065
0.634570
0.620574
0.603908
0.584314
0.561498
0.535163
0.505321
0.472488
0.437421
0.400885
0.363661
0.326559
0.290412
0.255824
0.222910
0.191626
0.162187
0.135028
0.110670
0.089386
0.070815
0.054132
0.038417
0.022722
0.006068
-0.012520
-0.034005
-0.059366
-0.089609
-0.125472
-0.167135
-0.214444
-0.267173
-0.325393
-0.389855
-0.461152
-0.538484
-0.619873
-0.703079
-0.786266
-0.868426
-0.949469
-1.030107
-1.111454
-1.194569
-1.280199
-1.368753
-1.460409
-1.555007
-1.652038
-1.750843
-1.850723
-1.951187
-2.052360
-2.154861
-2.259057
-2.364399
-2.469575
-2.573043
-2.673254
-2.768832
-2.858703
-2.941946
-3.017658
-3.084922
-3.142807
-3.190923
-3.229898
-3.260886
-3.285063
-3.303646
-3.317869
-3.328993
-3.338328
-3.346667
-3.353701
-3.358501
-3.360116
-3.357517
-3.349597
-3.335634
-3.315749
-3.290548
-3.260398
-3.225128
-3.184264
-3.137277
-3.083753
-3.023718
-2.957662
-2.886173
-2.809544
-2.727637
-2.640076
-2.546567
-2.447488
-2.344232
-2.238480
-2.131314
-2.023167
-1.914258
-1.804851
-1.695304
-1.586028
-1.477362
-1.369321
-1.261541
-1.153570
-1.045339
-0.937362
-0.830343
-0.724574
-0.619717
-0.515124
-0.410465
-0.306112
-0.202832
-0.101425
-0.002712
0.092449
0.183176
0.268733
0.348915
0.424113
0.494960
0.562046
0.625727
0.686067
0.743070
0.797011
0.848470
0.897832
0.944859
0.988975
1.029587
1.066063
1.097771
1.124327
1.145728
1.162122
1.173582
1.180520
1.184521
1.187763
1.191473
1.196124
1.202136
1.209509
1.217751
1.226157
1.233907
1.240125
1.244163
1.245878
1.245432
1.243018
1.238653
1.231994
1.222487
1.209554
1.192725
1.171839
1.146970
1.118234
1.085842
1.050223
1.011959
0.971672
0.930025
0.887641
0.844795
0.801234
0.756444
0.710031
0.661928
0.612279
0.561127
0.508280
0.453424
0.396391
0.337472
0.277424
0.217175
0.157587
0.099354
0.043051
-0.011014
-0.063126
-0.114032
-0.164606
-0.215602
-0.267336
-0.319670
-0.372302
-0.424921
-0.477205
-0.528723
-0.578763
-0.626493
-0.671401
-0.713447
-0.752786
-0.789584
-0.824039
-0.856326
-0.886510
-0.914505
-0.940069
-0.962842
-0.982425
-0.998395
-1.010313
-1.017984
-1.021690
-1.021974
-1.019409
-1.014445
-1.007127
-0.997200
-0.984435
-0.968665
-0.949703
-0.927348
-0.901491
-0.872294
-0.840186
-0.805699
-0.769313
-0.731347
-0.691953
-0.651212
-0.609173
-0.566024
-0.522401
-0.479406
-0.438347
-0.400296
-0.365426
-0.332997
-0.302442
-0.274120
-0.248839
-0.227394
-0.210648
-0.199544
-0.194660
-0.195670
-0.201568
-0.211162
-0.223191
-0.236646
-0.251215
-0.267082
-0.284433
-0.303072
-0.322290
-0.341156
-0.358746
-0.374071
-0.386043
-0.394209
-0.399593
-0.403773
-0.407544
-0.411126
-0.414688
-0.418363
-0.422246
-0.426343
-0.430482
-0.434392
-0.437800
-0.440444
-0.442024
-0.442199
-0.441107
-0.439834
-0.439680
-0.441404
-0.445518
-0.452563
-0.463000
-0.477101
-0.494864
-0.515903
-0.539493
-0.564784
-0.590915
-0.617005
-0.642148
-0.665550
-0.686711
-0.705415
-0.721839
-0.736826
-0.751711
-0.767943
-0.786639
-0.808210
-0.832700
-0.860154
-0.890391
-0.922821
-0.956652
-0.991082
-1.025288
-1.058475
-1.089962
-1.119223
-1.145835
-1.169322
-1.189183
-1.205099
-1.216986
-1.224839
-1.228639
-1.228567
-1.225249
-1.219595
-1.212579
-1.205213
-1.198358
-1.192456
-1.187717
-1.184440
-1.182927
-1.183184
-1.184916
-1.187725
-1.191185
-1.194945
-1.198908
-1.203180
-1.207937
-1.213717
-1.221724
-1.233277
-1.249074
-1.269191
-1.293410
-1.321424
-1.353115
-1.388724
-1.428723
-1.473656
-1.524066
-1.580534
-1.643684
-1.713715
-1.789952
-1.871262
-1.956518
-2.044606
-2.134423
-2.224881
-2.314907
-2.403422
-2.489325
-2.571645
-2.649798
-2.723542
-2.792744
-2.857280
-2.917030
-2.971964
-3.022395
-3.069090
-3.112964
-3.154484
-3.193315
-3.228706
-3.259862
-3.286140
-3.307293
-3.323328
-3.334279
-3.340198
-3.341161
-3.337225
-3.328401
-3.314668
-3.295986
-3.272295
-3.243640
-3.210384
-3.173161
-3.132697
-3.089757
-3.044955
-2.998428
-2.949877
-2.898867
-2.844982
-2.787867
-2.727268
-2.663151
-2.595871
-2.526021
-2.454218
-2.381106
-2.307344
-2.233427
-2.159567
-2.085833
-2.012287
-1.938990
-1.866052
-1.793648
-1.721981
-1.651263
-1.581666
-1.513263
-1.446067
-1.380096
-1.315433
-1.252246
-1.190752
-1.131063
-1.073053
-1.016454
-0.960983
-0.906351
-0.852256
-0.798376
-0.744496
-0.690722
-0.637442
-0.585006
-0.533552
-0.483122
-0.433758
-0.385473
-0.338207
-0.291848
-0.246267
-0.201333
-0.156906
-0.112868
-0.069208
-0.026028
0.016516
0.058254
0.099066
0.139081
0.178722
0.218557
0.259068
0.300324
0.341855
0.383115
0.424120
0.465574
0.508338
0.552835
0.598966
0.646469
0.695202
0.745164
0.796409
0.848998
0.903002
0.958500
1.015564
1.074256
1.134713
1.197261
1.262357
1.330269
1.400825
1.473595
1.548106
1.623842
1.700458
1.778008
1.856532
1.935618
2.014637
2.092965
2.169943
2.244945
2.317591
2.387801
2.455617
2.521034
2.583944
2.644178
2.701614
2.756217
2.807994
2.856951
2.903111
2.946497
2.986995
3.024287
3.058118
3.088455
3.115349
3.138809
3.158764
3.175124
3.187908
3.197282
3.203412
3.206299
3.205793
3.201698
3.193920
3.182562
3.167836
3.149946
3.129012
3.105039
3.078058
3.048304
3.016201
2.982230
2.946895
2.910661
2.873796
2.836319
2.798143
2.759152
2.719181
2.678037
2.635583
2.591936
2.547507
2.502831
2.458462
2.414931
2.372585
2.331538
2.291814
2.253428
2.216377
2.180698
2.146529
2.114062
2.083494
2.055040
2.028863
2.004849
1.982541
1.961332
1.940710
1.920412
1.900383
1.880696
1.861599
1.843465
1.826636
1.811257
1.797227
1.784340
1.772373
1.761115
1.750454
1.740413
1.731030
1.722264
1.714067
1.706510
1.699750
1.693890
1.688882
1.684561
1.680721
1.677141
1.673664
1.670227
1.666704
1.662830
1.658372
1.653171
1.647057
1.639943
1.632130
1.624375
1.617635
1.612881
1.610860
1.611657
1.614665
1.619018
1.623803
1.628156
1.631588
1.634093
1.635860
1.637093
1.638018
1.638872
1.639890
1.641307
1.643355
1.646266
1.650265
1.655573
1.662402
1.671006
1.681752
1.695008
1.710919
1.729445
1.750509
1.773884
1.799047
1.825307
1.851946
1.878334
1.904189
1.929617
1.954874
1.980237
2.005952
2.032087
2.058506
2.084995
2.111323
2.137326
2.163008
2.188461
2.213625
2.238221
2.261952
2.284570
2.305846
2.325601
2.343684
2.359951
2.374309
2.386743
2.397271
2.405900
2.412696
2.417861
2.421718
2.424610
2.426782
2.428329
2.429276
2.429577
2.429033
2.427362
2.424281
2.419503
2.412743
2.403819
2.392707
2.379470
2.364160
2.346771
2.327235
2.305461
2.281358
2.254855
2.225961
2.194772
2.161420
2.126017
2.088615
2.049261
2.008121
1.965488
1.921606
1.876498
1.830003
1.782024
1.732691
1.682248
1.630937
1.579015
1.526754
1.474321
1.421679
1.368677
1.315161
1.260965
1.205954
1.150128
1.093626
1.036636
0.979352
0.921961
0.864573
0.807186
0.749751
0.692219
0.634535
0.576648
0.518509
0.460074
0.401296
0.342152
0.282705
0.223113
0.163570
0.104263
0.045386
-0.012883
-0.070431
-0.127231
-0.183299
-0.238649
-0.293298
-0.347267
-0.400578
-0.453218
-0.505100
-0.556101
-0.606099
-0.654972
-0.702604
-0.748900
-0.793755
-0.837007
-0.878458
-0.917907
-0.955163
-0.990043
-1.022373
-1.052002
-1.078813
-1.102724
-1.123734
-1.141943
-1.157499
-1.170551
-1.181244
-1.189726
-1.196144
-1.200609
-1.203159
-1.203775
-1.202440
-1.199136
-1.193849
-1.186570
-1.177298
-1.166048
-1.152857
-1.137779
-1.120874
-1.102208
-1.081850
-1.059875
-1.036353
-1.011373
-0.985058
-0.957565
-0.929056
-0.899688
-0.869611
-0.838950
-0.807796
-0.776226
-0.744359
-0.712399
-0.680578
-0.649106
-0.618174
-0.587952
-0.558582
-0.530180
-0.502838
-0.476635
-0.451631
-0.427873
-0.405380
-0.384127
-0.364065
-0.345145
-0.327314
-0.310519
-0.294708
-0.279830
-0.265833
-0.252667
-0.240284
-0.228633
-0.217652
-0.207274
-0.197430
-0.188060
-0.179114
-0.170552
-0.162347
-0.154472
-0.146905
-0.139624
-0.132608
-0.125834
-0.119278
-0.112924
-0.106756
-0.100760
-0.094928
-0.089252
-0.083725
-0.078345
-0.073110
-0.068022
-0.063081
-0.058290
-0.053647
-0.049153
-0.044809
-0.040614
-0.036568
-0.032670
-0.028917
-0.025309
-0.021842
-0.018516
-0.015330
-0.012282
-0.009370
-0.006594
-0.003951
-0.001440
0.000941
0.003194
0.005321
0.007323
0.009204
0.010964
0.012607
0.014133
0.015546
0.016847
0.018039
0.019124
0.020104
0.020983
0.021761
0.022442
0.023029
0.023523
0.023928
0.024246
0.024480
0.024633
