0.000000
-0.000003
-0.000011
-0.000025
-0.000044
-0.000068
-0.000093
-0.000120
-0.000147
-0.000175
-0.000202
-0.000231
-0.000263
-0.000298
-0.000338
-0.000385
-0.000443
-0.000517
-0.000618
-0.000758
-0.000947
-0.001195
-0.001506
-0.001875
-0.002292
-0.002745
-0.003221
-0.003706
-0.004185
-0.004646
-0.005082
-0.005488
-0.005861
-0.006200
-0.006509
-0.006797
-0.007076
-0.007357
-0.007651
-0.007962
-0.008279
-0.008583
-0.008855
-0.009084
-0.009274
-0.009443
-0.009611
-0.009802
-0.010035
-0.010305
-0.010571
-0.010771
-0.010843
-0.010740
-0.010448
-0.009992
-0.009419
-0.008775
-0.008101
-0.007438
-0.006823
-0.006288
-0.005858
-0.005562
-0.005431
-0.005499
-0.005785
-0.006276
-0.006930
-0.007703
-0.008583
-0.009602
-0.010815
-0.012276
-0.014030
-0.016095
-0.018422
-0.020884
-0.023314
-0.025557
-0.027536
-0.029253
-0.030746
-0.032068
-0.033284
-0.034465
-0.035691
-0.037049
-0.038628
-0.040492
-0.042621
-0.044866
-0.046962
-0.048580
-0.049403
-0.049263
-0.048209
-0.046473
-0.044425
-0.042480
-0.041040
-0.040392
-0.040576
-0.041469
-0.042919
-0.044827
-0.047222
-0.050234
-0.053953
-0.058367
-0.063324
-0.068519
-0.073595
-0.078222
-0.082145
-0.085271
-0.087640
-0.089310
-0.090264
-0.090380
-0.089457
-0.087312
-0.083884
-0.079310
-0.073893
-0.067926
-0.061533
-0.054622
-0.046861
-0.037773
-0.026949
-0.014212
0.000374
0.016533
0.033809
0.051616
0.069365
0.086571
0.102916
0.118244
0.132401
0.145171
0.156329
0.165684
0.173124
0.178691
0.182562
0.184979
0.186208
0.186511
0.186143
0.185398
0.184649
0.184326
0.184887
0.186767
0.190261
0.195420
0.202044
0.209701
0.217777
0.225498
0.232012
0.236619
0.238909
0.238814
0.236628
0.232785
0.227633
0.221390
0.214201
0.206238
0.197742
0.189032
0.180518
0.172605
0.165499
0.159100
0.153154
0.147456
0.141873
0.136290
0.130578
0.124593
0.118184
0.111227
0.103756
0.096140
0.089082
0.083399
0.079831
0.078938
0.080899
0.085466
0.092071
0.099714
0.107047
0.113043
0.117420
0.120345
0.122172
0.123387
0.124529
0.126120
0.128534
0.131953
0.136491
0.142195
0.148874
0.156077
0.163250
0.169891
0.175756
0.180976
0.185867
0.190734
0.195769
0.200954
0.205999
0.210469
0.213980
0.216331
0.217593
0.218168
0.218730
0.220002
0.222557
0.226709
0.232467
0.239605
0.247699
0.256129
0.264208
0.271268
0.276594
0.279424
0.279165
0.275755
0.269848
0.262723
0.255841
0.250391
0.247265
0.247015
0.249737
0.255275
0.263285
0.273063
0.283642
0.294089
0.303650
0.311837
0.318536
0.323793
0.327529
0.329490
0.329230
0.326250
0.320287
0.311428
0.300242
0.287845
0.275605
0.264617
0.255377
0.247956
0.242070
0.236891
0.231421
0.225162
0.218321
0.211641
0.205971
0.201661
0.198479
0.196035
0.194056
0.192523
0.191666
0.191777
0.193068
0.195374
0.197696
0.198739
0.198546
0.198591
0.199817
0.201511
0.201971
0.200050
0.195980
0.190600
0.184720
0.179071
0.174271
0.170831
0.168862
0.167984
0.167768
0.167982
0.168540
0.169435
0.170632
0.172046
0.173610
0.175283
0.177051
0.178947
0.181043
0.183423
0.186176
0.189342
0.192695
0.195556
0.196979
0.196170
0.192735
0.186725
0.178654
0.169457
0.160188
0.151693
0.144571
0.139167
0.135403
0.132679
0.130040
0.126647
0.122161
0.116711
0.110622
0.104225
0.097827
0.091669
0.085858
0.080393
0.075270
0.070514
0.066180
0.062372
0.059178
0.056511
0.053972
0.050958
0.047041
0.042112
0.036256
0.029855
0.023660
0.018509
0.014993
0.013349
0.013443
0.014768
0.016614
0.018401
0.019870
0.021073
0.022142
0.023072
0.023604
0.023099
0.020757
0.016085
0.009000
-0.000358
-0.011619
-0.024016
-0.036520
-0.048235
-0.058625
-0.067495
-0.074860
-0.080859
-0.085673
-0.089417
-0.092069
-0.093541
-0.093864
-0.093384
-0.092744
-0.092631
-0.093660
-0.096236
-0.100337
-0.105643
-0.111813
-0.118619
-0.125976
-0.133836
-0.142076
-0.150551
-0.159142
-0.167721
-0.176122
-0.184134
-0.191520
-0.198090
-0.203814
-0.208872
-0.213558
-0.218137
-0.222827
-0.227778
-0.233078
-0.238832
-0.245175
-0.252222
-0.260061
-0.268739
-0.278219
-0.288228
-0.298028
-0.306574
-0.313113
-0.317365
-0.319291
-0.319084
-0.317402
-0.315310
-0.313877
-0.313901
-0.315804
-0.319700
-0.325350
-0.332035
-0.338766
-0.344613
-0.348892
-0.351248
-0.351549
-0.349910
-0.346906
-0.343405
-0.340191
-0.337960
-0.337395
-0.338901
-0.342505
-0.348137
-0.355771
-0.365339
-0.376707
-0.389653
-0.403724
-0.418209
-0.432350
-0.445539
-0.457442
-0.468057
-0.477611
-0.486330
-0.494288
-0.501398
-0.507430
-0.512056
-0.514928
-0.515715
-0.514193
-0.510362
-0.504426
-0.496650
-0.487278
-0.476560
-0.464797
-0.452379
-0.439778
-0.427445
-0.415722
-0.404776
-0.394625
-0.385281
-0.376804
-0.369233
-0.362575
-0.356840
-0.352035
-0.348046
-0.344533
-0.341016
-0.337027
-0.332147
-0.326044
-0.318561
-0.309753
-0.299924
-0.289529
-0.278999
-0.268686
-0.258759
-0.249159
-0.239782
-0.230594
-0.221570
-0.212704
-0.204061
-0.195780
-0.188137
-0.181533
-0.176376
-0.173046
-0.171956
-0.173501
-0.177851
-0.184779
-0.193629
-0.203371
-0.212825
-0.221007
-0.227263
-0.231181
-0.232650
-0.231877
-0.229180
-0.224768
-0.218651
-0.210702
-0.200740
-0.188575
-0.174014
-0.156921
-0.137478
-0.116329
-0.094306
-0.072010
-0.049688
-0.027307
-0.004548
0.019097
0.044003
0.070205
0.097319
0.124577
0.150995
0.175574
0.197632
0.216948
0.233550
0.247551
0.259114
0.268455
0.275859
0.281645
0.286123
0.289609
0.292461
0.295062
0.297662
0.300262
0.302713
0.304895
0.306772
0.308482
0.310424
0.313116
0.316962
0.322151
0.328625
0.336073
0.343985
0.351766
0.358786
0.364399
0.368085
0.369576
0.368849
0.366156
0.362092
0.357372
0.352448
0.347496
0.342568
0.337625
0.332569
0.327311
0.321818
0.316257
0.311046
0.306672
0.303442
0.301370
0.300243
0.299753
0.299609
0.299513
0.299125
0.298183
0.296600
0.294387
0.291573
0.288218
0.284414
0.280272
0.275968
0.271859
0.268489
0.266402
0.265972
0.267345
0.270376
0.274546
0.279194
0.283959
0.288866
0.294206
0.300543
0.308529
0.318540
0.330592
0.344440
0.359564
0.375154
0.390214
0.403631
0.414322
0.421480
0.424669
0.423801
0.419082
0.410890
0.399670
0.385971
0.370529
0.354226
0.337884
0.322169
0.307605
0.294462
0.282701
0.272049
0.262101
0.252524
0.243255
0.234523
0.226872
0.221045
0.217675
0.217043
0.219014
0.223046
0.228301
0.233896
0.239050
0.243181
0.246074
0.247864
0.248860
0.249360
0.249504
0.249248
0.248473
0.247056
0.244841
0.241675
0.237571
0.232753
0.227478
0.221886
0.216019
0.209842
0.203234
0.196005
0.187999
0.179208
0.169820
0.160153
0.150511
0.141078
0.131929
0.123078
0.114451
0.105924
0.097394
0.088780
0.080012
0.071026
0.061741
0.052041
0.041792
0.030868
0.019134
0.006448
-0.007307
-0.022159
-0.037963
-0.054376
-0.070958
-0.087212
-0.102547
-0.116411
-0.128460
-0.138554
-0.146701
-0.153098
-0.158183
-0.162461
-0.166294
-0.169913
-0.173483
-0.177128
-0.180974
-0.185142
-0.189756
-0.194967
-0.200879
-0.207449
-0.214520
-0.221906
-0.229404
-0.236810
-0.243912
-0.250485
-0.256300
-0.261137
-0.264765
-0.266923
-0.267365
-0.265999
-0.262972
-0.258631
-0.253405
-0.247707
-0.241939
-0.236513
-0.231826
-0.228176
-0.225737
-0.224625
-0.224903
-0.226556
-0.229441
-0.233190
-0.237334
-0.241504
-0.245429
-0.248925
-0.251944
-0.254501
-0.256597
-0.258237
-0.259440
-0.260203
-0.260579
-0.260844
-0.261495
-0.263033
-0.265820
-0.270093
-0.275960
-0.283305
-0.291754
-0.300839
-0.310159
-0.319394
-0.328301
-0.336811
-0.345038
-0.353190
-0.361457
-0.369988
-0.378898
-0.388254
-0.398080
-0.408338
-0.418937
-0.429713
-0.440410
-0.450644
-0.459908
-0.467700
-0.473705
-0.477823
-0.480119
-0.480764
-0.479969
-0.477917
-0.474772
-0.470712
-0.465923
-0.460595
-0.454924
-0.449149
-0.443545
-0.438364
-0.433838
-0.430178
-0.427561
-0.426107
-0.425887
-0.426911
-0.429070
-0.432150
-0.435920
-0.440146
-0.444532
-0.448821
-0.452982
-0.457142
-0.461398
-0.465763
-0.470122
-0.474278
-0.478046
-0.481269
-0.483855
-0.485841
-0.487341
-0.488488
-0.489416
-0.490260
-0.491166
-0.492280
-0.493733
-0.495629
-0.497998
-0.500762
-0.503726
-0.506630
-0.509219
-0.511266
-0.512684
-0.513631
-0.514392
-0.515217
-0.516378
-0.518189
-0.520856
-0.524388
-0.528693
-0.533664
-0.539172
-0.545075
-0.551222
-0.557452
-0.563602
-0.569507
-0.574999
-0.579924
-0.584171
-0.587697
-0.590488
-0.592530
-0.593805
-0.594299
-0.594006
-0.592922
-0.591047
-0.588375
-0.584850
-0.580380
-0.574899
-0.568407
-0.560977
-0.552818
-0.544280
-0.535770
-0.527704
-0.520470
-0.514389
-0.509680
-0.506359
-0.504241
-0.503095
-0.502678
-0.502715
-0.502922
-0.503034
-0.502810
-0.502055
-0.500638
-0.498498
-0.495658
-0.492227
-0.488384
-0.484357
-0.480384
-0.476626
-0.473159
-0.470007
-0.467161
-0.464604
-0.462357
-0.460494
-0.459133
-0.458425
-0.458534
-0.459594
-0.461672
-0.464784
-0.468926
-0.474085
-0.480240
-0.487377
-0.495484
-0.504516
-0.514309
-0.524609
-0.535194
-0.545868
-0.556411
-0.566658
-0.576619
-0.586443
-0.596280
-0.606259
-0.616555
-0.627337
-0.638709
-0.650705
-0.663258
-0.676213
-0.689366
-0.702517
-0.715530
-0.728376
-0.741116
-0.753866
-0.766796
-0.780090
-0.793878
-0.808227
-0.823159
-0.838622
-0.854474
-0.870469
-0.886288
-0.901622
-0.916162
-0.929581
-0.941653
-0.952356
-0.961845
-0.970353
-0.978107
-0.985345
-0.992296
-0.999054
-1.005577
-1.011749
-1.017394
-1.022273
-1.026111
-1.028647
-1.029659
-1.028928
-1.026229
-1.021459
-1.014705
-1.006099
-0.995724
-0.983647
-0.969927
-0.954578
-0.937618
-0.919077
-0.898978
-0.877337
-0.854205
-0.829712
-0.804042
-0.777357
-0.749814
-0.721586
-0.692815
-0.663579
-0.633890
-0.603715
-0.573033
-0.541843
-0.510143
-0.477939
-0.445265
-0.412178
-0.378742
-0.345021
-0.311075
-0.276968
-0.242768
-0.208547
-0.174372
-0.140273
-0.106247
-0.072290
-0.038405
-0.004581
0.029182
0.062829
0.096229
0.129215
0.161631
0.193309
0.224063
0.253778
0.282445
0.310139
0.336996
0.363205
0.388942
0.414356
0.439561
0.464607
0.489469
0.514060
0.538229
0.561798
0.584608
0.606564
0.627681
0.648133
0.668179
0.688058
0.707942
0.727883
0.747824
0.767698
0.787475
0.807148
0.826722
0.846195
0.865564
0.884823
0.903933
0.922800
0.941336
0.959466
0.977113
0.994189
1.010606
1.026275
1.041113
1.055034
1.067956
1.079799
1.090479
1.099899
1.107974
1.114732
1.120295
1.124764
1.128216
1.130746
1.132367
1.132999
1.132579
1.131098
1.128572
1.125069
1.120711
1.115652
1.110021
1.103910
1.097395
1.090555
1.083475
1.076241
1.068926
1.061606
1.054366
1.047281
1.040355
1.033499
1.026585
1.019474
1.012029
1.004141
0.995734
0.986755
0.977191
0.967064
0.956440
0.945429
0.934160
0.922783
0.911462
0.900352
0.889583
0.879252
0.869420
0.860124
0.851398
0.843275
0.835789
0.828961
0.822800
0.817294
0.812402
0.808016
0.803976
0.800136
0.796367
0.792527
0.788463
0.784022
0.779054
0.773423
0.767041
0.759905
0.752113
0.743822
0.735183
0.726326
0.717381
0.708462
0.699654
0.691038
0.682700
0.674725
0.667195
0.660189
0.653767
0.647947
0.642679
0.637862
0.633375
0.629100
0.624910
0.620678
0.616275
0.611587
0.606530
0.601081
0.595310
0.589336
0.583261
0.577209
0.571345
0.565766
0.560420
0.555166
0.549831
0.544229
0.538169
0.531524
0.524330
0.516781
0.509092
0.501460
0.494098
0.487195
0.480870
0.475190
0.470181
0.465835
0.462096
0.458875
0.456085
0.453649
0.451479
0.449481
0.447563
0.445633
0.443588
0.441308
0.438675
0.435578
0.431902
0.427527
0.422341
0.416263
0.409257
0.401327
0.392491
0.382772
0.372218
0.360916
0.349008
0.336659
0.324024
0.311253
0.298503
0.285922
0.273627
0.261712
0.250248
0.239310
0.228974
0.219309
0.210360
0.202141
0.194598
0.187620
0.181096
0.174919
0.168967
0.163154
0.157457
0.151883
0.146440
0.141130
0.135959
0.130946
0.126126
0.121543
0.117239
0.113272
0.109708
0.106560
0.103753
0.101152
0.098601
0.095983
0.093241
0.090366
0.087378
0.084301
0.081154
0.077954
0.074748
0.071621
0.068681
0.066018
0.063719
0.061881
0.060605
0.059954
0.059938
0.060521
0.061650
0.063275
0.065348
0.067811
0.070604
0.073666
0.076938
0.080351
0.083832
0.087316
0.090768
0.094199
0.097653
0.101164
0.104715
0.108250
0.111720
0.115084
0.118282
0.121264
0.124017
0.126554
0.128889
0.131032
0.132990
0.134780
0.136460
0.138119
0.139840
0.141689
0.143743
0.146067
0.148706
0.151692
0.155043
0.158763
0.162844
0.167264
0.171995
0.176984
0.182146
0.187403
0.192688
0.197924
0.203036
0.207967
0.212705
0.217292
0.221814
0.226382
0.231116
0.236118
0.241467
0.247207
0.253338
0.259822
0.266580
0.273504
0.280484
0.287415
0.294186
0.300706
0.306909
0.312734
0.318128
0.323048
0.327460
0.331333
0.334657
0.337471
0.339864
0.341935
0.343772
0.345461
0.347080
0.348664
0.350230
0.351808
0.353432
0.355126
0.356913
0.358817
0.360863
0.363048
0.365343
0.367717
0.370165
0.372704
0.375359
0.378146
0.381077
0.384174
0.387452
0.390895
0.394454
0.398083
0.401743
0.405397
0.409002
0.412533
0.415976
0.419335
0.422621
0.425845
0.429022
0.432188
0.435404
0.438725
0.442199
0.445873
0.449777
0.453919
0.458293
0.462867
0.467583
0.472382
0.477206
0.481998
0.486699
0.491260
0.495648
0.499847
0.503857
0.507690
0.511357
0.514864
0.518220
0.521440
0.524538
0.527527
0.530395
0.533096
0.535576
0.537797
0.539750
0.541468
0.543012
0.544442
0.545814
0.547188
0.548613
0.550113
0.551712
0.553443
0.555336
0.557416
0.559710
0.562242
0.565041
0.568151
0.571627
0.575522
0.579875
0.584705
0.590007
0.595754
0.601893
0.608341
0.614984
0.621709
0.628409
0.634972
0.641280
0.647221
0.652710
0.657709
0.662218
0.666232
0.669739
0.672731
0.675190
0.677074
0.678334
0.678929
0.678819
0.677959
0.676301
0.673799
0.670413
0.666123
0.660941
0.654910
0.648107
0.640621
0.632534
0.623930
0.614899
0.605531
0.595921
0.586159
0.576332
0.566506
0.556722
0.547001
0.537358
0.527816
0.518395
0.509111
0.499976
0.491007
0.482218
0.473628
0.465255
0.457116
0.449245
0.441684
0.434480
0.427681
0.421347
0.415533
0.410262
0.405515
0.401234
0.397336
0.393732
0.390334
0.387051
0.383790
0.380452
0.376938
0.373156
0.369048
0.364609
0.359863
0.354839
0.349558
0.344048
0.338328
0.332388
0.326209
0.319777
0.313082
0.306111
0.298865
0.291384
0.283738
0.275994
0.268210
0.260449
0.252778
0.245269
0.237994
0.231010
0.224333
0.217946
0.211846
0.206039
0.200527
0.195329
0.190479
0.186007
0.181950
0.178341
0.175177
0.172421
0.170050
0.168052
0.166405
0.165083
0.164060
0.163313
0.162816
0.162541
0.162470
0.162613
0.162995
0.163636
0.164560
0.165795
0.167348
0.169185
0.171251
0.173483
0.175825
0.178243
0.180708
0.183182
0.185628
0.188013
0.190314
0.192522
0.194651
0.196750
0.198890
0.201143
0.203574
0.206255
0.209255
0.212636
0.216445
0.220723
0.225509
0.230827
0.236668
0.242975
0.249652
0.256604
0.263746
0.270991
0.278270
0.285559
0.292868
0.300227
0.307662
0.315200
0.322870
0.330683
0.338625
0.346683
0.354849
0.363114
0.371486
0.379993
0.388662
0.397515
0.406575
0.415864
0.425389
0.435129
0.445046
0.455108
0.465290
0.475560
0.485882
0.496221
0.506543
0.516814
0.527003
0.537077
0.547005
0.556753
0.566289
0.575583
0.584604
0.593307
0.601621
0.609466
0.616773
0.623489
0.629566
0.634976
0.639710
0.643782
0.647220
0.650070
0.652377
0.654181
0.655526
0.656461
0.657033
0.657290
0.657272
0.657004
0.656506
0.655797
0.654877
0.653734
0.652356
0.650728
0.648843
0.646734
0.644465
0.642089
0.639647
0.637189
0.634758
0.632370
0.630025
0.627713
0.625425
0.623156
0.620898
0.618641
0.616345
0.613937
0.611336
0.608467
0.605240
0.601562
0.597370
0.592641
0.587379
0.581594
0.575297
0.568517
0.561313
0.553770
0.545964
0.537965
0.529847
0.521693
0.513579
0.505544
0.497568
0.489597
0.481561
0.473385
0.465018
0.456447
0.447691
0.438783
0.429750
0.420629
0.411467
0.402284
0.393055
0.383735
0.374284
0.364667
0.354846
0.344796
0.334523
0.324051
0.313421
0.302669
0.291839
0.281002
0.270235
0.259617
0.249208
0.239032
0.229081
0.219341
0.209805
0.200464
0.191321
0.182404
0.173750
0.165388
0.157345
0.149635
0.142251
0.135177
0.128407
0.121935
0.115749
0.109837
0.104188
0.098786
0.093596
0.088571
0.083669
0.078852
0.074079
0.069306
0.064485
0.059574
0.054573
0.049520
0.044442
0.039351
0.034269
0.029224
0.024246
0.019362
0.014576
0.009861
0.005179
0.000505
-0.004186
-0.008924
-0.013744
-0.018678
-0.023757
-0.029005
-0.034444
-0.040088
-0.045926
-0.051918
-0.058033
-0.064248
-0.070535
-0.076860
-0.083191
-0.089496
-0.095740
-0.101883
-0.107876
-0.113679
-0.119273
-0.124654
-0.129815
-0.134742
-0.139423
-0.143852
-0.148022
-0.151925
-0.155546
-0.158858
-0.161854
-0.164552
-0.167008
-0.169309
-0.171560
-0.173849
-0.176221
-0.178673
-0.181147
-0.183540
-0.185724
-0.187572
-0.189002
-0.189999
-0.190600
-0.190836
-0.190723
-0.190285
-0.189546
-0.188520
-0.187215
-0.185636
-0.183803
-0.181761
-0.179565
-0.177259
-0.174883
-0.172486
-0.170119
-0.167832
-0.165663
-0.163632
-0.161753
-0.160036
-0.158481
-0.157070
-0.155789
-0.154628
-0.153573
-0.152610
-0.151723
-0.150896
-0.150119
-0.149383
-0.148682
-0.147995
-0.147283
-0.146509
-0.145636
-0.144630
-0.143454
-0.142090
-0.140538
-0.138810
-0.136940
-0.134988
-0.133044
-0.131204
-0.129545
-0.128101
-0.126874
-0.125858
-0.125055
-0.124474
-0.124136
-0.124062
-0.124267
-0.124756
-0.125509
-0.126479
-0.127606
-0.128847
-0.130187
-0.131641
-0.133239
-0.135011
-0.136972
-0.139123
-0.141455
-0.143950
-0.146591
-0.149367
-0.152275
-0.155310
-0.158465
-0.161720
-0.165070
-0.168513
-0.172047
-0.175668
-0.179380
-0.183203
-0.187166
-0.191289
-0.195577
-0.200025
-0.204616
-0.209329
-0.214138
-0.219028
-0.223998
-0.229059
-0.234242
-0.239591
-0.245149
-0.250949
-0.257016
-0.263369
-0.270012
-0.276948
-0.284174
-0.291678
-0.299449
-0.307466
-0.315702
-0.324117
-0.332660
-0.341261
-0.349846
-0.358347
-0.366714
-0.374906
-0.382880
-0.390598
-0.398034
-0.405171
-0.411996
-0.418515
-0.424768
-0.430800
-0.436664
-0.442420
-0.448129
-0.453842
-0.459572
-0.465293
-0.470958
-0.476525
-0.481957
-0.487228
-0.492319
-0.497229
-0.501975
-0.506587
-0.511103
-0.515562
-0.519991
-0.524420
-0.528872
-0.533356
-0.537857
-0.542347
-0.546808
-0.551234
-0.555623
-0.559955
-0.564199
-0.568338
-0.572373
-0.576318
-0.580178
-0.583960
-0.587674
-0.591312
-0.594827
-0.598171
-0.601302
-0.604180
-0.606780
-0.609106
-0.611200
-0.613142
-0.615017
-0.616899
-0.618844
-0.620864
-0.622925
-0.624982
-0.626989
-0.628892
-0.630653
-0.632261
-0.633725
-0.635068
-0.636315
-0.637489
-0.638604
-0.639661
-0.640660
-0.641597
-0.642452
-0.643198
-0.643817
-0.644293
-0.644619
-0.644807
-0.644876
-0.644842
-0.644722
-0.644554
-0.644371
-0.644195
-0.644016
-0.643787
-0.643440
-0.642920
-0.642169
-0.641130
-0.639764
-0.638070
-0.636043
-0.633676
-0.630973
-0.627952
-0.624644
-0.621105
-0.617404
-0.613592
-0.609698
-0.605733
-0.601687
-0.597533
-0.593248
-0.588815
-0.584215
-0.579441
-0.574507
-0.569435
-0.564243
-0.558945
-0.553550
-0.548068
-0.542505
-0.536874
-0.531197
-0.525501
-0.519815
-0.514166
-0.508577
-0.503062
-0.497635
-0.492315
-0.487126
-0.482095
-0.477249
-0.472608
-0.468178
-0.463944
-0.459864
-0.455876
-0.451915
-0.447928
-0.443899
-0.439830
-0.435733
-0.431622
-0.427503
-0.423367
-0.419181
-0.414907
-0.410507
-0.405957
-0.401243
-0.396369
-0.391355
-0.386225
-0.381004
-0.375714
-0.370382
-0.365033
-0.359704
-0.354437
-0.349279
-0.344263
-0.339408
-0.334722
-0.330190
-0.325779
-0.321451
-0.317168
-0.312899
-0.308629
-0.304343
-0.300021
-0.295635
-0.291153
-0.286549
-0.281807
-0.276920
-0.271902
-0.266783
-0.261604
-0.256410
-0.251240
-0.246123
-0.241071
-0.236078
-0.231129
-0.226208
-0.221297
-0.216378
-0.211435
-0.206463
-0.201472
-0.196484
-0.191535
-0.186671
-0.181940
-0.177389
-0.173063
-0.168994
-0.165192
-0.161655
-0.158364
-0.155284
-0.152380
-0.149622
-0.146984
-0.144444
-0.141978
-0.139563
-0.137177
-0.134804
-0.132435
-0.130073
-0.127728
-0.125425
-0.123194
-0.121057
-0.119022
-0.117090
-0.115271
-0.113585
-0.112066
-0.110758
-0.109703
-0.108927
-0.108441
-0.108237
-0.108285
-0.108542
-0.108971
-0.109551
-0.110270
-0.111105
-0.112031
-0.113027
-0.114059
-0.115077
-0.116040
-0.116919
-0.117702
-0.118394
-0.119021
-0.119605
-0.120159
-0.120693
-0.121208
-0.121701
-0.122185
-0.122696
-0.123275
-0.123954
-0.124755
-0.125692
-0.126763
-0.127954
-0.129238
-0.130578
-0.131947
-0.133328
-0.134701
-0.136038
-0.137318
-0.138519
-0.139622
-0.140609
-0.141468
-0.142203
-0.142839
-0.143411
-0.143956
-0.144507
-0.145083
-0.145689
-0.146333
-0.147029
-0.147797
-0.148662
-0.149653
-0.150791
-0.152084
-0.153535
-0.155142
-0.156901
-0.158805
-0.160844
-0.162997
-0.165249
-0.167594
-0.170023
-0.172519
-0.175062
-0.177635
-0.180220
-0.182792
-0.185320
-0.187768
-0.190101
-0.192289
-0.194330
-0.196238
-0.198017
-0.199667
-0.201212
-0.202701
-0.204188
-0.205719
-0.207335
-0.209072
-0.210952
-0.212977
-0.215127
-0.217365
-0.219650
-0.221947
-0.224218
-0.226439
-0.228602
-0.230717
-0.232812
-0.234914
-0.237057
-0.239278
-0.241606
-0.244042
-0.246576
-0.249182
-0.251820
-0.254448
-0.257028
-0.259534
-0.261957
-0.264318
-0.266663
-0.269044
-0.271499
-0.274056
-0.276743
-0.279584
-0.282596
-0.285795
-0.289192
-0.292796
-0.296600
-0.300588
-0.304739
-0.309035
-0.313455
-0.317979
-0.322573
-0.327192
-0.331783
-0.336290
-0.340666
-0.344866
-0.348864
-0.352646
-0.356217
-0.359594
-0.362808
-0.365898
-0.368917
-0.371912
-0.374906
-0.377902
-0.380888
-0.383839
-0.386728
-0.389527
-0.392215
-0.394778
-0.397198
-0.399473
-0.401612
-0.403614
-0.405470
-0.407176
-0.408734
-0.410141
-0.411394
-0.412487
-0.413401
-0.414114
-0.414605
-0.414865
-0.414898
-0.414727
-0.414399
-0.413962
-0.413456
-0.412912
-0.412375
-0.411891
-0.411489
-0.411174
-0.410945
-0.410809
-0.410772
-0.410827
-0.410967
-0.411187
-0.411482
-0.411836
-0.412225
-0.412625
-0.413019
-0.413381
-0.413680
-0.413893
-0.413994
-0.413954
-0.413753
-0.413396
-0.412900
-0.412300
-0.411646
-0.410979
-0.410322
-0.409699
-0.409134
-0.408651
-0.408271
-0.408009
-0.407878
-0.407887
-0.408031
-0.408307
-0.408715
-0.409258
-0.409937
-0.410740
-0.411650
-0.412647
-0.413704
-0.414785
-0.415858
-0.416882
-0.417818
-0.418657
-0.419426
-0.420138
-0.420793
-0.421398
-0.421965
-0.422499
-0.422999
-0.423451
-0.423841
-0.424154
-0.424375
-0.424490
-0.424484
-0.424347
-0.424071
-0.423658
-0.423111
-0.422434
-0.421630
-0.420700
-0.419642
-0.418443
-0.417074
-0.415496
-0.413654
-0.411485
-0.408934
-0.405970
-0.402581
-0.398783
-0.394610
-0.390114
-0.385363
-0.380439
-0.375413
-0.370335
-0.365253
-0.360238
-0.355351
-0.350624
-0.346073
-0.341692
-0.337455
-0.333311
-0.329199
-0.325072
-0.320889
-0.316609
-0.312210
-0.307686
-0.303033
-0.298242
-0.293308
-0.288246
-0.283088
-0.277876
-0.272664
-0.267521
-0.262516
-0.257710
-0.253151
-0.248871
-0.244890
-0.241218
-0.237862
-0.234822
-0.232096
-0.229677
-0.227563
-0.225746
-0.224200
-0.222884
-0.221746
-0.220740
-0.219825
-0.218970
-0.218150
-0.217351
-0.216571
-0.215801
-0.215029
-0.214248
-0.213465
-0.212698
-0.211971
-0.211299
-0.210690
-0.210143
-0.209657
-0.209218
-0.208814
-0.208436
-0.208075
-0.207721
-0.207374
-0.207061
-0.206824
-0.206687
-0.206655
-0.206731
-0.206926
-0.207255
-0.207721
-0.208316
-0.209027
-0.209835
-0.210718
-0.211647
-0.212591
-0.213527
-0.214446
-0.215334
-0.216182
-0.216987
-0.217752
-0.218472
-0.219153
-0.219792
-0.220375
-0.220896
-0.221376
-0.221844
-0.222320
-0.222819
-0.223333
-0.223837
-0.224294
-0.224662
-0.224901
-0.224979
-0.224878
-0.224599
-0.224165
-0.223593
-0.222899
-0.222110
-0.221240
-0.220291
-0.219266
-0.218170
-0.217011
-0.215800
-0.214551
-0.213281
-0.212002
-0.210729
-0.209473
-0.208239
-0.207033
-0.205855
-0.204689
-0.203506
-0.202265
-0.200921
-0.199428
-0.197749
-0.195857
-0.193725
-0.191348
-0.188744
-0.185947
-0.182998
-0.179932
-0.176772
-0.173540
-0.170248
-0.166912
-0.163547
-0.160169
-0.156785
-0.153402
-0.150021
-0.146628
-0.143198
-0.139714
-0.136171
-0.132571
-0.128911
-0.125181
-0.121364
-0.117428
-0.113336
-0.109063
-0.104592
-0.099916
-0.095045
-0.090005
-0.084825
-0.079533
-0.074158
-0.068722
-0.063244
-0.057742
-0.052233
-0.046725
-0.041226
-0.035742
-0.030279
-0.024838
-0.019420
-0.014027
-0.008668
-0.003360
0.001879
0.007030
0.012070
0.016974
0.021717
0.026280
0.030647
0.034804
0.038742
0.042455
0.045938
0.049183
0.052187
0.054953
0.057490
0.059805
0.061911
0.063818
0.065533
0.067047
0.068340
0.069401
0.070219
0.070769
0.071034
0.071003
0.070664
0.069997
0.068993
0.067649
0.065973
0.063978
0.061696
0.059162
0.056414
0.053477
0.050374
0.047128
0.043764
0.040311
0.036797
0.033249
0.029687
0.026135
0.022614
0.019136
0.015704
0.012320
0.008983
0.005685
0.002417
-0.000835
-0.004086
-0.007346
-0.010613
-0.013887
-0.017162
-0.020423
-0.023658
-0.026859
-0.030011
-0.033102
-0.036121
-0.039051
-0.041878
-0.044597
-0.047200
-0.049666
-0.051977
-0.054126
-0.056105
-0.057913
-0.059558
-0.061072
-0.062497
-0.063873
-0.065233
-0.066625
-0.068101
-0.069697
-0.071428
-0.073291
-0.075263
-0.077316
-0.079412
-0.081517
-0.083604
-0.085649
-0.087632
-0.089539
-0.091376
-0.093160
-0.094913
-0.096669
-0.098469
-0.100344
-0.102320
-0.104414
-0.106631
-0.108960
-0.111381
-0.113878
-0.116436
-0.119040
-0.121678
-0.124344
-0.127034
-0.129743
-0.132466
-0.135197
-0.137931
-0.140660
-0.143371
-0.146048
-0.148681
-0.151260
-0.153779
-0.156227
-0.158591
-0.160856
-0.163010
-0.165036
-0.166919
-0.168640
-0.170187
-0.171550
-0.172722
-0.173702
-0.174489
-0.175088
-0.175502
-0.175738
-0.175814
-0.175759
-0.175607
-0.175391
-0.175135
-0.174859
-0.174574
-0.174290
-0.174012
-0.173746
-0.173496
-0.173264
-0.173052
-0.172859
-0.172683
-0.172511
-0.172320
-0.172078
-0.171753
-0.171318
-0.170753
-0.170043
-0.169176
-0.168141
-0.166923
-0.165499
-0.163851
-0.161967
-0.159840
-0.157470
-0.154860
-0.152025
-0.148982
-0.145761
-0.142396
-0.138919
-0.135361
-0.131744
-0.128093
-0.124425
-0.120758
-0.117109
-0.113495
-0.109922
-0.106381
-0.102862
-0.099356
-0.095858
-0.092361
-0.088857
-0.085331
-0.081768
-0.078151
-0.074470
-0.070717
-0.066885
-0.062968
-0.058962
-0.054871
-0.050712
-0.046509
-0.042275
-0.038015
-0.033734
-0.029442
-0.025141
-0.020832
-0.016521
-0.012214
-0.007907
-0.003596
0.000702
0.004950
0.009115
0.013172
0.017094
0.020844
0.024387
0.027706
0.030791
0.033636
0.036242
0.038626
0.040810
0.042810
0.044644
0.046326
0.047870
0.049290
0.050611
0.051863
0.053073
0.054253
0.055406
0.056529
0.057606
0.058624
0.059578
0.060465
0.061287
0.062050
0.062764
0.063439
0.064081
0.064696
0.065290
0.065866
0.066426
0.066975
0.067527
0.068098
0.068700
0.069338
0.070006
0.070692
0.071381
0.072055
0.072686
0.073252
0.073733
0.074104
0.074334
0.074402
0.074298
0.074027
0.073602
0.073042
0.072372
0.071609
0.070766
0.069854
0.068881
0.067849
0.066754
0.065591
0.064365
0.063080
0.061741
0.060356
0.058937
0.057501
0.056056
0.054601
0.053124
0.051600
0.049994
0.048266
0.046390
0.044358
0.042182
0.039886
0.037499
0.035056
0.032587
0.030117
0.027664
0.025238
0.022843
0.020488
0.018184
0.015938
0.013743
0.011578
0.009424
0.007262
0.005080
0.002867
0.000628
-0.001626
-0.003890
-0.006185
-0.008536
-0.010963
-0.013484
-0.016116
-0.018871
-0.021744
-0.024717
-0.027770
-0.030889
-0.034071
-0.037317
-0.040630
-0.044011
-0.047458
-0.050970
-0.054532
-0.058121
-0.061717
-0.065305
-0.068873
-0.072412
-0.075913
-0.079358
-0.082730
-0.086023
-0.089235
-0.092361
-0.095397
-0.098344
-0.101202
-0.103972
-0.106655
-0.109258
-0.111786
-0.114237
-0.116612
-0.118916
-0.121153
-0.123323
-0.125433
-0.127493
-0.129520
-0.131514
-0.133466
-0.135364
-0.137192
-0.138930
-0.140563
-0.142093
-0.143520
-0.144850
-0.146080
-0.147202
-0.148208
-0.149088
-0.149822
-0.150379
-0.150735
-0.150876
-0.150773
-0.150402
-0.149751
-0.148828
-0.147641
-0.146193
-0.144478
-0.142488
-0.140229
-0.137724
-0.134994
-0.132046
-0.128869
-0.125462
-0.121844
-0.118044
-0.114071
-0.109914
-0.105595
-0.101161
-0.096655
-0.092118
-0.087592
-0.083111
-0.078685
-0.074308
-0.069976
-0.065689
-0.061431
-0.057174
-0.052892
-0.048554
-0.044128
-0.039601
-0.034967
-0.030218
-0.025346
-0.020349
-0.015232
-0.009999
-0.004658
0.000774
0.006271
0.011818
0.017400
0.022995
0.028583
0.034155
0.039702
0.045211
0.050669
0.056062
0.061380
0.066621
0.071767
0.076782
0.081648
0.086365
0.090928
0.095324
0.099540
0.103569
0.107402
0.111034
0.114463
0.117697
0.120746
0.123624
0.126348
0.128926
0.131363
0.133656
0.135798
0.137773
0.139566
0.141161
0.142546
0.143712
0.144653
0.145360
0.145821
0.146029
0.145978
0.145663
0.145068
0.144186
0.143029
0.141622
0.139984
0.138136
0.136104
0.133915
0.131596
0.129165
0.126639
0.124025
0.121330
0.118553
0.115694
0.112753
0.109732
0.106638
0.103481
0.100270
0.097016
0.093734
0.090446
0.087165
0.083897
0.080643
0.077407
0.074189
0.070995
0.067833
0.064719
0.061672
0.058707
0.055835
0.053062
0.050381
0.047776
0.045226
0.042708
0.040200
0.037677
0.035123
0.032530
0.029892
0.027209
0.024490
0.021749
0.019002
0.016253
0.013502
0.010752
0.008005
0.005262
0.002526
-0.000197
-0.002903
-0.005583
-0.008210
-0.010758
-0.013206
-0.015543
-0.017763
-0.019857
-0.021820
-0.023648
-0.025337
-0.026876
-0.028250
-0.029449
-0.030470
-0.031313
-0.031977
-0.032467
-0.032789
-0.032953
-0.032971
-0.032853
-0.032617
-0.032296
-0.031922
-0.031500
-0.031019
-0.030471
-0.029858
-0.029177
-0.028422
-0.027581
-0.026644
-0.025608
-0.024478
-0.023265
-0.021967
-0.020569
-0.019068
-0.017468
-0.015765
-0.013954
-0.012042
-0.010049
-0.008002
-0.005934
-0.003871
-0.001844
0.000119
0.001997
0.003784
0.005479
0.007087
0.008622
0.010099
0.011534
0.012942
0.014345
0.015758
0.017200
0.018685
0.020224
0.021826
0.023497
0.025236
0.027042
0.028926
0.030917
0.033033
0.035285
0.037687
0.040244
0.042945
0.045772
0.048699
0.051699
0.054751
0.057837
0.060943
0.064049
0.067137
0.070196
0.073220
0.076204
0.079141
0.082031
0.084877
0.087682
0.090444
0.093156
0.095808
0.098387
0.100877
0.103259
0.105510
0.107612
0.109550
0.111314
0.112890
0.114268
0.115446
0.116427
0.117220
0.117844
0.118325
0.118693
0.118980
0.119208
0.119387
0.119523
0.119621
0.119687
0.119724
0.119731
0.119709
0.119658
0.119579
0.119468
0.119324
0.119142
0.118918
0.118648
0.118333
0.117977
0.117581
0.117149
0.116677
0.116156
0.115581
0.114949
0.114259
0.113520
0.112744
0.111950
0.111154
0.110367
0.109599
0.108861
0.108158
0.107491
0.106862
0.106273
0.105718
0.105186
0.104668
0.104149
0.103622
0.103083
0.102530
0.101953
0.101342
0.100682
0.099958
0.099142
0.098201
0.097104
0.095834
0.094383
0.092747
0.090928
0.088934
0.086782
0.084486
0.082068
0.079548
0.076944
0.074276
0.071574
0.068870
0.066195
0.063568
0.060995
0.058481
0.056024
0.053621
0.051265
0.048950
0.046663
0.044387
0.042098
0.039775
0.037405
0.034983
0.032507
0.029975
0.027392
0.024764
0.022094
0.019385
0.016643
0.013883
0.011125
0.008395
0.005714
0.003096
0.000555
-0.001897
-0.004251
-0.006503
-0.008656
-0.010713
-0.012679
-0.014556
-0.016346
-0.018047
-0.019658
-0.021174
-0.022592
-0.023907
-0.025115
-0.026214
-0.027207
-0.028099
-0.028898
-0.029615
-0.030254
-0.030820
-0.031313
-0.031739
-0.032099
-0.032393
-0.032615
-0.032759
-0.032824
-0.032825
-0.032773
-0.032671
-0.032524
-0.032338
-0.032110
-0.031834
-0.031504
-0.031112
-0.030647
-0.030111
-0.029518
-0.028879
-0.028201
-0.027491
-0.026761
-0.026019
-0.025276
-0.024541
-0.023822
-0.023130
-0.022475
-0.021869
-0.021315
-0.020813
-0.020354
-0.019923
-0.019490
-0.019028
-0.018513
-0.017925
-0.017246
-0.016466
-0.015589
-0.014629
-0.013594
-0.012490
-0.011329
-0.010120
-0.008872
-0.007596
-0.006307
-0.005006
-0.003689
-0.002354
-0.000992
0.000408
0.001860
0.003369
0.004934
0.006555
0.008232
0.009963
0.011742
0.013565
0.015431
0.017336
0.019273
0.021222
0.023165
0.025088
0.026985
0.028851
0.030684
0.032487
0.034255
0.035977
0.037650
0.039276
0.040849
0.042362
0.043819
0.045230
0.046598
0.047928
0.049226
0.050505
0.051778
0.053052
0.054326
0.055604
0.056891
0.058182
0.059462
0.060722
0.061959
0.063171
0.064354
0.065507
0.066628
0.067717
0.068766
0.069784
0.070789
0.071791
0.072787
0.073780
0.074778
0.075783
0.076793
0.077805
0.078815
0.079818
0.080809
0.081785
0.082744
0.083688
0.084614
0.085512
0.086378
0.087213
0.088018
0.088794
0.089538
0.090254
0.090943
0.091603
0.092233
0.092831
0.093396
0.093925
0.094423
0.094896
0.095344
0.095769
0.096184
0.096601
0.097032
0.097488
0.097978
0.098512
0.099094
0.099725
0.100391
0.101075
0.101764
0.102447
0.103111
0.103746
0.104348
0.104918
0.105456
0.105965
0.106453
0.106935
0.107433
0.107972
0.108582
0.109279
0.110070
0.110962
0.111955
0.113043
0.114215
0.115465
0.116784
0.118163
0.119594
0.121069
0.122583
0.124126
0.125692
0.127271
0.128853
0.130429
0.131989
0.133518
0.135008
0.136458
0.137862
0.139213
0.140504
0.141733
0.142907
0.144035
0.145130
0.146210
0.147290
0.148386
0.149517
0.150699
0.151946
0.153266
0.154666
0.156141
0.157679
0.159269
0.160909
0.162584
0.164274
0.165954
0.167604
0.169211
0.170755
0.172217
0.173586
0.174854
0.176016
0.177071
0.178032
0.178917
0.179742
0.180512
0.181231
0.181900
0.182517
0.183088
0.183624
0.184128
0.184591
0.185007
0.185377
0.185704
0.185992
0.186242
0.186456
0.186634
0.186767
0.186846
0.186864
0.186812
0.186672
0.186433
0.186095
0.185665
0.185145
0.184533
0.183832
0.183049
0.182184
0.181244
0.180238
0.179169
0.178036
0.176846
0.175609
0.174329
0.173012
0.171667
0.170307
0.168947
0.167599
0.166273
0.164975
0.163715
0.162504
0.161350
0.160253
0.159214
0.158223
0.157266
0.156324
0.155386
0.154444
0.153499
0.152560
0.151635
0.150731
0.149860
0.149037
0.148273
0.147569
0.146929
0.146357
0.145857
0.145435
0.145097
0.144852
0.144706
0.144668
0.144748
0.144958
0.145299
0.145773
0.146383
0.147132
0.148018
0.149033
0.150171
0.151436
0.152831
0.154352
0.155986
0.157723
0.159552
0.161459
0.163428
0.165439
0.167470
0.169497
0.171500
0.173469
0.175400
0.177297
0.179163
0.181008
0.182836
0.184656
0.186476
0.188308
0.190161
0.192045
0.193971
0.195951
0.197989
0.200086
0.202238
0.204440
0.206688
0.208977
0.211304
0.213653
0.216008
0.218358
0.220708
0.223053
0.225382
0.227689
0.229974
0.232233
0.234456
0.236631
0.238751
0.240816
0.242829
0.244790
0.246698
0.248551
0.250353
0.252116
0.253847
0.255546
0.257216
0.258858
0.260472
0.262062
0.263636
0.265205
0.266775
0.268352
0.269938
0.271532
0.273132
0.274742
0.276366
0.278001
0.279643
0.281279
0.282895
0.284478
0.286023
0.287536
0.289026
0.290507
0.291989
0.293481
0.294992
0.296532
0.298101
0.299696
0.301312
0.302947
0.304591
0.306230
0.307848
0.309431
0.310962
0.312420
0.313789
0.315058
0.316227
0.317297
0.318268
0.319140
0.319911
0.320581
0.321150
0.321624
0.322012
0.322327
0.322578
0.322769
0.322906
0.322991
0.323024
0.323006
0.322937
0.322815
0.322642
0.322414
0.322131
0.321788
0.321380
0.320906
0.320363
0.319752
0.319075
0.318339
0.317550
0.316714
0.315841
0.314936
0.314006
0.313062
0.312117
0.311181
0.310261
0.309362
0.308491
0.307654
0.306850
0.306077
0.305335
0.304625
0.303949
0.303307
0.302697
0.302117
0.301563
0.301035
0.300525
0.300023
0.299522
0.299014
0.298495
0.297955
0.297386
0.296776
0.296115
0.295399
0.294623
0.293784
0.292877
0.291901
0.290866
0.289780
0.288647
0.287470
0.286255
0.285013
0.283746
0.282450
0.281119
0.279751
0.278344
0.276902
0.275428
0.273923
0.272381
0.270801
0.269178
0.267515
0.265820
0.264104
0.262379
0.260656
0.258949
0.257275
0.255650
0.254082
0.252576
0.251131
0.249750
0.248433
0.247178
0.245976
0.244814
0.243690
0.242613
0.241588
0.240623
0.239736
0.238934
0.238215
0.237583
0.237047
0.236613
0.236282
0.236061
0.235951
0.235953
0.236061
0.236268
0.236567
0.236952
0.237417
0.237957
0.238573
0.239268
0.240051
0.240926
0.241895
0.242957
0.244116
0.245374
0.246732
0.248182
0.249714
0.251323
0.252995
0.254717
0.256476
0.258266
0.260085
0.261927
0.263790
0.265674
0.267594
0.269570
0.271606
0.273692
0.275826
0.278021
0.280282
0.282612
0.285002
0.287449
0.289950
0.292504
0.295115
0.297790
0.300533
0.303348
0.306249
0.309251
0.312362
0.315585
0.318922
0.322375
0.325941
0.329614
0.333385
0.337245
0.341190
0.345211
0.349297
0.353433
0.357606
0.361800
0.366000
0.370196
0.374377
0.378529
0.382642
0.386708
0.390728
0.394697
0.398614
0.402475
0.406275
0.410008
0.413670
0.417261
0.420781
0.424226
0.427594
0.430881
0.434083
0.437202
0.440242
0.443203
0.446082
0.448876
0.451582
0.454197
0.456714
0.459122
0.461409
0.463569
0.465594
0.467479
0.469217
0.470806
0.472247
0.473540
0.474692
0.475709
0.476593
0.477348
0.477975
0.478480
0.478870
0.479146
0.479311
0.479372
0.479336
0.479209
0.478994
0.478695
0.478317
0.477860
0.477328
0.476723
0.476050
0.475314
0.474520
0.473674
0.472784
0.471849
0.470870
0.469851
0.468801
0.467725
0.466623
0.465494
0.464332
0.463128
0.461869
0.460546
0.459153
0.457685
0.456139
0.454519
0.452832
0.451082
0.449273
0.447410
0.445498
0.443539
0.441534
0.439483
0.437387
0.435244
0.433048
0.430790
0.428466
0.426069
0.423590
0.421024
0.418372
0.415639
0.412832
0.409956
0.407014
0.404008
0.400945
0.397838
0.394696
0.391523
0.388323
0.385101
0.381861
0.378610
0.375342
0.372047
0.368723
0.365378
0.362018
0.358643
0.355247
0.351826
0.348380
0.344912
0.341425
0.337926
0.334416
0.330901
0.327395
0.323912
0.320465
0.317063
0.313711
0.310414
0.307175
0.303997
0.300880
0.297819
0.294812
0.291859
0.288960
0.286115
0.283326
0.280598
0.277938
0.275348
0.272831
0.270389
0.268017
0.265703
0.263437
0.261212
0.259021
0.256857
0.254713
0.252586
0.250478
0.248390
0.246331
0.244310
0.242333
0.240408
0.238542
0.236740
0.235008
0.233348
0.231760
0.230232
0.228753
0.227321
0.225935
0.224596
0.223304
0.222062
0.220873
0.219737
0.218646
0.217588
0.216552
0.215533
0.214522
0.213507
0.212479
0.211430
0.210358
0.209261
0.208136
0.206975
0.205777
0.204542
0.203279
0.201992
0.200680
0.199350
0.198013
0.196678
0.195359
0.194067
0.192815
0.191610
0.190457
0.189358
0.188313
0.187318
0.186365
0.185445
0.184549
0.183669
0.182794
0.181918
0.181039
0.180159
0.179273
0.178381
0.177487
0.176593
0.175698
0.174802
0.173914
0.173039
0.172176
0.171317
0.170457
0.169595
0.168732
0.167865
0.166990
0.166099
0.165178
0.164214
0.163194
0.162108
0.160944
0.159700
0.158371
0.156959
0.155464
0.153892
0.152246
0.150531
0.148761
0.146952
0.145117
0.143263
0.141402
0.139543
0.137697
0.135873
0.134080
0.132330
0.130634
0.129002
0.127442
0.125956
0.124543
0.123199
0.121924
0.120715
0.119570
0.118488
0.117470
0.116519
0.115639
0.114831
0.114097
0.113446
0.112883
0.112411
0.112029
0.111734
0.111522
0.111390
0.111334
0.111349
0.111432
0.111577
0.111782
0.112049
0.112377
0.112764
0.113209
0.113707
0.114251
0.114828
0.115432
0.116056
0.116693
0.117339
0.117991
0.118649
0.119313
0.119981
0.120654
0.121332
0.122014
0.122702
0.123399
0.124097
0.124788
0.125463
0.126119
0.126759
0.127383
0.127998
0.128612
0.129234
0.129874
0.130545
0.131260
0.132024
0.132842
0.133715
0.134645
0.135633
0.136675
0.137766
0.138906
0.140095
0.141334
0.142614
0.143917
0.145226
0.146529
0.147814
0.149065
0.150265
0.151399
0.152461
0.153447
0.154355
0.155187
0.155948
0.156636
0.157251
0.157794
0.158271
0.158684
0.159034
0.159320
0.159541
0.159691
0.159767
0.159764
0.159677
0.159506
0.159252
0.158919
0.158510
0.158026
0.157475
0.156862
0.156189
0.155456
0.154666
0.153822
0.152920
0.151954
0.150923
0.149828
0.148666
0.147435
0.146136
0.144776
0.143364
0.141903
0.140394
0.138839
0.137239
0.135600
0.133925
0.132218
0.130478
0.128706
0.126904
0.125072
0.123211
0.121322
0.119406
0.117463
0.115489
0.113488
0.111461
0.109411
0.107333
0.105220
0.103066
0.100871
0.098639
0.096374
0.094075
0.091739
0.089362
0.086944
0.084482
0.081982
0.079449
0.076894
0.074327
0.071758
0.069198
0.066654
0.064132
0.061635
0.059160
0.056702
0.054258
0.051819
0.049379
0.046929
0.044461
0.041963
0.039425
0.036846
0.034231
0.031587
0.028918
0.026231
0.023534
0.020832
0.018128
0.015422
0.012709
0.009984
0.007246
0.004495
0.001732
-0.001035
-0.003805
-0.006574
-0.009342
-0.012103
-0.014851
-0.017582
-0.020300
-0.023006
-0.025706
-0.028401
-0.031096
-0.033801
-0.036527
-0.039274
-0.042040
-0.044821
-0.047614
-0.050413
-0.053215
-0.056019
-0.058822
-0.061625
-0.064425
-0.067223
-0.070016
-0.072801
-0.075572
-0.078326
-0.081060
-0.083772
-0.086460
-0.089130
-0.091782
-0.094414
-0.097023
-0.099612
-0.102186
-0.104744
-0.107286
-0.109815
-0.112336
-0.114853
-0.117366
-0.119880
-0.122403
-0.124942
-0.127499
-0.130077
-0.132680
-0.135316
-0.137989
-0.140698
-0.143444
-0.146231
-0.149057
-0.151917
-0.154801
-0.157702
-0.160613
-0.163522
-0.166416
-0.169288
-0.172133
-0.174949
-0.177731
-0.180483
-0.183209
-0.185909
-0.188582
-0.191230
-0.193854
-0.196460
-0.199053
-0.201638
-0.204211
-0.206769
-0.209307
-0.211823
-0.214313
-0.216769
-0.219180
-0.221534
-0.223830
-0.226063
-0.228224
-0.230306
-0.232306
-0.234224
-0.236060
-0.237810
-0.239466
-0.241024
-0.242482
-0.243847
-0.245126
-0.246319
-0.247424
-0.248442
-0.249379
-0.250235
-0.251007
-0.251695
-0.252295
-0.252806
-0.253228
-0.253565
-0.253821
-0.254000
-0.254105
-0.254133
-0.254082
-0.253951
-0.253740
-0.253453
-0.253092
-0.252659
-0.252161
-0.251609
-0.251011
-0.250375
-0.249713
-0.249034
-0.248344
-0.247642
-0.246928
-0.246202
-0.245472
-0.244739
-0.244006
-0.243270
-0.242531
-0.241788
-0.241048
-0.240312
-0.239576
-0.238837
-0.238091
-0.237336
-0.236568
-0.235784
-0.234981
-0.234160
-0.233320
-0.232466
-0.231600
-0.230723
-0.229836
-0.228942
-0.228043
-0.227141
-0.226237
-0.225331
-0.224424
-0.223521
-0.222628
-0.221753
-0.220900
-0.220072
-0.219270
-0.218493
-0.217743
-0.217021
-0.216325
-0.215657
-0.215016
-0.214400
-0.213806
-0.213225
-0.212650
-0.212076
-0.211500
-0.210920
-0.210336
-0.209757
-0.209188
-0.208635
-0.208106
-0.207597
-0.207093
-0.206586
-0.206070
-0.205542
-0.205011
-0.204499
-0.204021
-0.203574
-0.203162
-0.202790
-0.202465
-0.202185
-0.201942
-0.201731
-0.201556
-0.201426
-0.201343
-0.201312
-0.201335
-0.201412
-0.201543
-0.201723
-0.201949
-0.202214
-0.202512
-0.202840
-0.203196
-0.203580
-0.203993
-0.204440
-0.204926
-0.205458
-0.206044
-0.206690
-0.207397
-0.208164
-0.208981
-0.209838
-0.210730
-0.211654
-0.212606
-0.213585
-0.214592
-0.215622
-0.216676
-0.217758
-0.218874
-0.220024
-0.221211
-0.222437
-0.223707
-0.225030
-0.226416
-0.227880
-0.229431
-0.231071
-0.232806
-0.234640
-0.236568
-0.238586
-0.240686
-0.242859
-0.245095
-0.247388
-0.249728
-0.252105
-0.254515
-0.256958
-0.259434
-0.261950
-0.264507
-0.267109
-0.269753
-0.272440
-0.275171
-0.277941
-0.280741
-0.283568
-0.286421
-0.289301
-0.292206
-0.295131
-0.298076
-0.301040
-0.304022
-0.307022
-0.310042
-0.313085
-0.316147
-0.319220
-0.322289
-0.325339
-0.328360
-0.331342
-0.334275
-0.337145
-0.339950
-0.342691
-0.345369
-0.347985
-0.350540
-0.353038
-0.355484
-0.357885
-0.360250
-0.362590
-0.364910
-0.367208
-0.369484
-0.371739
-0.373971
-0.376177
-0.378354
-0.380498
-0.382605
-0.384676
-0.386717
-0.388727
-0.390696
-0.392619
-0.394493
-0.396313
-0.398076
-0.399789
-0.401455
-0.403075
-0.404651
-0.406178
-0.407649
-0.409060
-0.410402
-0.411670
-0.412862
-0.413982
-0.415032
-0.416013
-0.416931
-0.417787
-0.418580
-0.419310
-0.419982
-0.420598
-0.421161
-0.421677
-0.422144
-0.422562
-0.422933
-0.423254
-0.423515
-0.423710
-0.423839
-0.423906
-0.423914
-0.423865
-0.423762
-0.423604
-0.423388
-0.423118
-0.422797
-0.422428
-0.422017
-0.421574
-0.421104
-0.420608
-0.420082
-0.419523
-0.418926
-0.418288
-0.417608
-0.416885
-0.416121
-0.415325
-0.414503
-0.413664
-0.412813
-0.411948
-0.411069
-0.410170
-0.409246
-0.408293
-0.407307
-0.406283
-0.405217
-0.404112
-0.402967
-0.401788
-0.400585
-0.399366
-0.398130
-0.396869
-0.395576
-0.394259
-0.392924
-0.391570
-0.390194
-0.388796
-0.387377
-0.385938
-0.384480
-0.383007
-0.381522
-0.380028
-0.378532
-0.377043
-0.375567
-0.374107
-0.372664
-0.371238
-0.369823
-0.368412
-0.367001
-0.365582
-0.364150
-0.362694
-0.361209
-0.359701
-0.358180
-0.356653
-0.355122
-0.353594
-0.352074
-0.350560
-0.349048
-0.347538
-0.346025
-0.344504
-0.342969
-0.341417
-0.339848
-0.338265
-0.336671
-0.335076
-0.333493
-0.331933
-0.330403
-0.328910
-0.327458
-0.326050
-0.324683
-0.323354
-0.322058
-0.320794
-0.319563
-0.318367
-0.317205
-0.316076
-0.314984
-0.313926
-0.312899
-0.311903
-0.310933
-0.309984
-0.309062
-0.308171
-0.307314
-0.306488
-0.305696
-0.304944
-0.304233
-0.303565
-0.302936
-0.302347
-0.301797
-0.301288
-0.300818
-0.300386
-0.299989
-0.299627
-0.299300
-0.299005
-0.298745
-0.298522
-0.298340
-0.298200
-0.298104
-0.298052
-0.298044
-0.298080
-0.298160
-0.298283
-0.298450
-0.298667
-0.298936
-0.299255
-0.299624
-0.300041
-0.300512
-0.301042
-0.301632
-0.302277
-0.302969
-0.303700
-0.304465
-0.305262
-0.306084
-0.306923
-0.307776
-0.308641
-0.309516
-0.310403
-0.311302
-0.312209
-0.313126
-0.314057
-0.315004
-0.315961
-0.316922
-0.317884
-0.318846
-0.319807
-0.320762
-0.321709
-0.322644
-0.323562
-0.324467
-0.325369
-0.326279
-0.327197
-0.328115
-0.329031
-0.329949
-0.330870
-0.331792
-0.332708
-0.333610
-0.334498
-0.335374
-0.336238
-0.337083
-0.337900
-0.338689
-0.339450
-0.340183
-0.340880
-0.341533
-0.342138
-0.342698
-0.343212
-0.343676
-0.344087
-0.344445
-0.344749
-0.345004
-0.345213
-0.345381
-0.345510
-0.345600
-0.345660
-0.345696
-0.345710
-0.345698
-0.345660
-0.345599
-0.345514
-0.345405
-0.345271
-0.345112
-0.344927
-0.344721
-0.344502
-0.344278
-0.344050
-0.343817
-0.343577
-0.343330
-0.343084
-0.342841
-0.342600
-0.342359
-0.342115
-0.341866
-0.341613
-0.341361
-0.341120
-0.340897
-0.340693
-0.340505
-0.340326
-0.340153
-0.339982
-0.339810
-0.339638
-0.339467
-0.339301
-0.339147
-0.339009
-0.338893
-0.338802
-0.338733
-0.338674
-0.338606
-0.338523
-0.338421
-0.338293
-0.338132
-0.337937
-0.337709
-0.337450
-0.337161
-0.336842
-0.336490
-0.336108
-0.335699
-0.335259
-0.334782
-0.334268
-0.333718
-0.333131
-0.332508
-0.331847
-0.331146
-0.330400
-0.329609
-0.328773
-0.327891
-0.326964
-0.325998
-0.324999
-0.323966
-0.322899
-0.321802
-0.320676
-0.319523
-0.318347
-0.317145
-0.315914
-0.314655
-0.313375
-0.312073
-0.310745
-0.309388
-0.307996
-0.306563
-0.305083
-0.303551
-0.301962
-0.300310
-0.298597
-0.296833
-0.295024
-0.293165
-0.291250
-0.289279
-0.287253
-0.285173
-0.283044
-0.280870
-0.278652
-0.276393
-0.274097
-0.271769
-0.269414
-0.267029
-0.264614
-0.262174
-0.259711
-0.257225
-0.254719
-0.252196
-0.249656
-0.247102
-0.244534
-0.241957
-0.239370
-0.236772
-0.234169
-0.231567
-0.228967
-0.226369
-0.223771
-0.221175
-0.218580
-0.215986
-0.213393
-0.210805
-0.208220
-0.205640
-0.203074
-0.200528
-0.198001
-0.195492
-0.193006
-0.190545
-0.188116
-0.185724
-0.183371
-0.181058
-0.178795
-0.176593
-0.174452
-0.172371
-0.170346
-0.168383
-0.166486
-0.164654
-0.162883
-0.161174
-0.159529
-0.157950
-0.156439
-0.155000
-0.153638
-0.152357
-0.151157
-0.150040
-0.149008
-0.148056
-0.147177
-0.146369
-0.145627
-0.144950
-0.144335
-0.143773
-0.143246
-0.142746
-0.142278
-0.141846
-0.141451
-0.141092
-0.140770
-0.140488
-0.140246
-0.140044
-0.139886
-0.139775
-0.139717
-0.139713
-0.139765
-0.139874
-0.140040
-0.140262
-0.140528
-0.140820
-0.141123
-0.141429
-0.141737
-0.142042
-0.142341
-0.142634
-0.142924
-0.143216
-0.143513
-0.143815
-0.144130
-0.144465
-0.144826
-0.145218
-0.145642
-0.146101
-0.146595
-0.147118
-0.147662
-0.148229
-0.148818
-0.149429
-0.150061
-0.150715
-0.151390
-0.152088
-0.152807
-0.153546
-0.154301
-0.155070
-0.155848
-0.156630
-0.157406
-0.158168
-0.158903
-0.159600
-0.160250
-0.160849
-0.161389
-0.161869
-0.162290
-0.162651
-0.162949
-0.163184
-0.163352
-0.163453
-0.163485
-0.163450
-0.163352
-0.163192
-0.162974
-0.162701
-0.162379
-0.162017
-0.161619
-0.161185
-0.160714
-0.160203
-0.159650
-0.159050
-0.158399
-0.157699
-0.156947
-0.156143
-0.155284
-0.154371
-0.153408
-0.152397
-0.151343
-0.150248
-0.149120
-0.147960
-0.146769
-0.145550
-0.144309
-0.143049
-0.141767
-0.140463
-0.139137
-0.137782
-0.136394
-0.134972
-0.133518
-0.132032
-0.130512
-0.128959
-0.127373
-0.125758
-0.124116
-0.122452
-0.120772
-0.119078
-0.117370
-0.115649
-0.113915
-0.112166
-0.110397
-0.108602
-0.106778
-0.104924
-0.103035
-0.101108
-0.099139
-0.097133
-0.095093
-0.093027
-0.090939
-0.088836
-0.086723
-0.084603
-0.082475
-0.080338
-0.078194
-0.076044
-0.073887
-0.071721
-0.069547
-0.067366
-0.065179
-0.062987
-0.060792
-0.058592
-0.056383
-0.054166
-0.051940
-0.049699
-0.047440
-0.045160
-0.042856
-0.040526
-0.038167
-0.035775
-0.033348
-0.030888
-0.028399
-0.025882
-0.023341
-0.020785
-0.018220
-0.015653
-0.013089
-0.010535
-0.007996
-0.005477
-0.002978
-0.000505
0.001942
0.004361
0.006751
0.009109
0.011433
0.013721
0.015967
0.018160
0.020296
0.022371
0.024387
0.026344
0.028240
0.030071
0.031835
0.033533
0.035168
0.036742
0.038251
0.039696
0.041079
0.042403
0.043667
0.044869
0.046009
0.047093
0.048120
0.049094
0.050013
0.050880
0.051693
0.052454
0.053169
0.053841
0.054472
0.055056
0.055592
0.056081
0.056523
0.056919
0.057271
0.057574
0.057820
0.058007
0.058142
0.058228
0.058261
0.058238
0.058162
0.058034
0.057861
0.057644
0.057388
0.057093
0.056765
0.056407
0.056026
0.055622
0.055198
0.054753
0.054288
0.053804
0.053300
0.052775
0.052226
0.051655
0.051061
0.050446
0.049812
0.049159
0.048488
0.047803
0.047109
0.046413
0.045716
0.045020
0.044330
0.043648
0.042975
0.042312
0.041658
0.041016
0.040385
0.039766
0.039158
0.038564
0.037984
0.037419
0.036870
0.036338
0.035827
0.035340
0.034879
0.034447
0.034048
0.033681
0.033350
0.033056
0.032800
0.032585
0.032412
0.032280
0.032188
0.032135
0.032121
0.032146
0.032208
0.032304
0.032429
0.032577
0.032747
0.032938
0.033151
0.033385
0.033638
0.033907
0.034189
0.034482
0.034785
0.035097
0.035413
0.035731
0.036048
0.036361
0.036668
0.036971
0.037272
0.037570
0.037868
0.038169
0.038474
0.038783
0.039098
0.039420
0.039753
0.040091
0.040433
0.040774
0.041115
0.041455
0.041793
0.042129
0.042461
0.042789
0.043110
0.043423
0.043727
0.044020
0.044300
0.044566
0.044817
0.045051
0.045267
0.045465
0.045647
0.045811
0.045959
0.046093
0.046216
0.046328
0.046433
0.046528
0.046615
0.046692
0.046759
0.046813
0.046856
0.046885
0.046902
0.046906
0.046895
0.046870
0.046831
0.046778
0.046711
0.046632
0.046541
0.046436
0.046319
0.046192
0.046054
0.045905
0.045746
0.045578
0.045400
0.045212
0.045013
0.044803
0.044582
0.044349
0.044104
0.043847
0.043581
0.043305
0.043019
0.042726
0.042428
0.042126
0.041822
0.041517
0.041210
0.040903
0.040597
0.040291
0.039985
0.039678
0.039370
0.039062
0.038752
0.038439
0.038123
0.037806
0.037489
0.037170
0.036852
0.036533
0.036214
0.035895
0.035577
0.035261
0.034946
0.034633
0.034323
0.034015
0.033710
0.033408
0.033108
0.032810
0.032513
0.032218
0.031923
0.031629
0.031335
0.031042
0.030749
0.030457
0.030163
0.029868
0.029572
0.029274
0.028974
0.028673
0.028370
0.028066
0.027762
0.027457
0.027151
0.026846
0.026541
0.026237
0.025934
0.025632
0.025331
0.025031
0.024732
0.024434
0.024137
0.023841
0.023546
0.023252
0.022959
0.022667
0.022376
0.022086
0.021797
0.021509
0.021221
0.020933
0.020645
0.020358
0.020070
0.019781
0.019491
0.019201
0.018911
0.018620
0.018328
0.018036
0.017745
0.017453
0.017161
0.016869
0.016578
0.016287
0.015997
0.015706
0.015417
0.015128
0.014840
0.014553
0.014266
0.013980
0.013695
0.013411
0.013127
0.012845
0.012563
0.012283
0.012004
0.011726
0.011450
0.011175
0.010902
0.010630
0.010361
0.010093
0.009827
0.009563
0.009301
0.009041
0.008783
0.008528
0.008274
0.008023
0.007775
0.007529
0.007285
0.007044
0.006806
0.006570
0.006338
0.006108
0.005881
0.005657
0.005436
0.005219
0.005004
0.004793
0.004585
0.004380
0.004179
0.003981
0.003786
0.003595
0.003408
0.003224
0.003044
0.002868
0.002695
0.002526
0.002362
0.002200
0.002043
0.001890
0.001741
0.001596
0.001455
0.001319
0.001186
0.001058
0.000934
0.000814
0.000699
0.000588
0.000482
0.000380
0.000282
0.000190
0.000101
0.000018
-0.000061
-0.000135
-0.000204
-0.000269
-0.000328
-0.000383
-0.000433
-0.000477
-0.000517
-0.000552
-0.000582
-0.000606
-0.000626
-0.000640
-0.000649
-0.000653
