0.000000
0.001096
0.004394
0.009893
0.017571
0.027439
0.039551
0.053917
0.070464
0.089146
0.109936
0.132805
0.157840
0.185179
0.214762
0.246393
0.279860
0.314970
0.351836
0.390738
0.431582
0.474083
0.518132
0.563701
0.610686
0.659047
0.709298
0.762342
0.818439
0.876914
0.936811
0.997080
1.056344
1.113531
1.168896
1.223369
1.277333
1.330982
1.384485
1.437462
1.488742
1.537119
1.583299
1.629308
1.675875
1.722676
1.769000
1.812620
1.851518
1.887470
1.924853
1.964900
2.003763
2.038267
2.070568
2.104177
2.138342
2.170043
2.198359
2.224022
2.248537
2.273834
2.300354
2.326143
2.347545
2.362754
2.375624
2.391386
2.409354
2.425419
2.438027
2.448213
2.460353
2.481496
2.512745
2.547010
2.580000
2.614664
2.650333
2.679049
2.697572
2.711136
2.725056
2.741837
2.761862
2.780989
2.793636
2.801109
2.809577
2.820795
2.831897
2.841382
2.851213
2.862537
2.870844
2.871316
2.865814
2.857219
2.845234
2.831191
2.816811
2.800231
2.779590
2.755906
2.732007
2.710631
2.690075
2.663485
2.625511
2.577832
2.526157
2.474087
2.422228
2.370115
2.319538
2.276714
2.245224
2.218781
2.187839
2.147881
2.097181
2.035994
1.970023
1.908227
1.856878
1.815085
1.774621
1.725876
1.664606
1.592097
1.513476
1.438250
1.372373
1.308768
1.236324
1.156575
1.082833
1.024725
0.977197
0.923762
0.856259
0.785776
0.725361
0.677061
0.639606
0.612709
0.594301
0.581239
0.570025
0.559293
0.551289
0.545424
0.536806
0.524242
0.512398
0.504183
0.496445
0.483918
0.466767
0.451657
0.442167
0.437323
0.438840
0.448264
0.462979
0.480403
0.499446
0.517723
0.530411
0.535817
0.541315
0.556742
0.583624
0.616076
0.650811
0.688244
0.723140
0.749190
0.773340
0.806461
0.844832
0.876472
0.898590
0.920370
0.950215
0.987786
1.033095
1.088099
1.142214
1.177155
1.188889
1.186627
1.177345
1.163854
1.144874
1.114869
1.074547
1.030761
0.983162
0.925141
0.851389
0.759156
0.653161
0.547335
0.454649
0.376728
0.306799
0.240249
0.180704
0.136446
0.108085
0.087994
0.071185
0.053547
0.028980
-0.002509
-0.031744
-0.048415
-0.056544
-0.077261
-0.122346
-0.175688
-0.209024
-0.206509
-0.174239
-0.132466
-0.102340
-0.092072
-0.089325
-0.076500
-0.052816
-0.032530
-0.028847
-0.048359
-0.092416
-0.153598
-0.218203
-0.278868
-0.339483
-0.407367
-0.483915
-0.561133
-0.626019
-0.671637
-0.704134
-0.738279
-0.787812
-0.852431
-0.909898
-0.935941
-0.934001
-0.927608
-0.928073
-0.927165
-0.915216
-0.889329
-0.846533
-0.786956
-0.724226
-0.679925
-0.667273
-0.679935
-0.697802
-0.703475
-0.686144
-0.642961
-0.586498
-0.533711
-0.489001
-0.459634
-0.472848
-0.549051
-0.672738
-0.808095
-0.934086
-1.058972
-1.203037
-1.374793
-1.571251
-1.787342
-2.009392
-2.212319
-2.380309
-2.519240
-2.643188
-2.758833
-2.864927
-2.962234
-3.052065
-3.130171
-3.192131
-3.238719
-3.275028
-3.302527
-3.313245
-3.297639
-3.254521
-3.192792
-3.128229
-3.077968
-3.049695
-3.033415
-3.015624
-2.999487
-2.997225
-3.011168
-3.035149
-3.065659
-3.109743
-3.183181
-3.290041
-3.415610
-3.543218
-3.661480
-3.769483
-3.880043
-4.007251
-4.167836
-4.383405
-4.655957
-4.961493
-5.271112
-5.562386
-5.819202
-6.028912
-6.184563
-6.286368
-6.335687
-6.336955
-6.304058
-6.252797
-6.187807
-6.103436
-5.987824
-5.830985
-5.650320
-5.483204
-5.339750
-5.199055
-5.043367
-4.874857
-4.717827
-4.593610
-4.489159
-4.377323
-4.250333
-4.114417
-3.973020
-3.828472
-3.691591
-3.572662
-3.465242
-3.357224
-3.245523
-3.118796
-2.952526
-2.743271
-2.513396
-2.275466
-2.031126
-1.796852
-1.595885
-1.423643
-1.243887
-1.029964
-0.790958
-0.552518
-0.324295
-0.093660
0.149740
0.401578
0.651627
0.890287
1.120628
1.358142
1.602891
1.836491
2.052685
2.267004
2.479608
2.648599
2.742992
2.792502
2.841448
2.900463
2.973630
3.071929
3.191028
3.335934
3.535675
3.785568
4.048066
4.321005
4.601375
4.841560
5.038435
5.258537
5.527285
5.800626
6.060216
6.338886
6.658686
7.024138
7.432523
7.843171
8.183779
8.432690
8.686599
9.060432
9.517518
9.923271
10.235570
10.490950
10.670720
10.747160
10.784430
10.861390
10.969960
11.057540
11.098460
11.085830
11.017300
10.894520
10.690450
10.385670
10.041460
9.735907
9.464043
9.167212
8.825699
8.472163
8.117853
7.720402
7.242673
6.712057
6.161472
5.554041
4.859223
4.091130
3.281875
2.539365
1.963726
1.502686
1.089842
0.763113
0.525169
0.321579
0.157794
0.046247
-0.067492
-0.201792
-0.291416
-0.303354
-0.298545
-0.352560
-0.446795
-0.505690
-0.520459
-0.521860
-0.508560
-0.493702
-0.522198
-0.587325
-0.644346
-0.719631
-0.848326
-0.970680
-1.041873
-1.117052
-1.247801
-1.429957
-1.665182
-1.948163
-2.209981
-2.404889
-2.596745
-2.834614
-3.081809
-3.327830
-3.607135
-3.919282
-4.227816
-4.516211
-4.790215
-5.036553
-5.222061
-5.325499
-5.368438
-5.404346
-5.462347
-5.522148
-5.534791
-5.465730
-5.356050
-5.309495
-5.360404
-5.423868
-5.419376
-5.340052
-5.187448
-4.961265
-4.730788
-4.602149
-4.557291
-4.432709
-4.128694
-3.722699
-3.346268
-3.044571
-2.766422
-2.470590
-2.190984
-1.970153
-1.811266
-1.699224
-1.626785
-1.608606
-1.643962
-1.703967
-1.814821
-2.047660
-2.344875
-2.529844
-2.556363
-2.550037
-2.621197
-2.789938
-3.032956
-3.307938
-3.544337
-3.672928
-3.695175
-3.673174
-3.614760
-3.444437
-3.131592
-2.750734
-2.390841
-2.100569
-1.913963
-1.834740
-1.795193
-1.701929
-1.528754
-1.314880
-1.090849
-0.858548
-0.600679
-0.287141
0.083201
0.473610
0.867374
1.300831
1.835249
2.500032
3.233891
3.914231
4.479979
4.930917
5.223884
5.347707
5.438211
5.623898
5.886951
6.187523
6.517917
6.829194
7.060343
7.195780
7.269661
7.349216
7.477028
7.634726
7.772605
7.837958
7.805470
7.693910
7.524815
7.300230
7.044393
6.825550
6.708020
6.697774
6.749582
6.821292
6.920898
7.090685
7.333087
7.595357
7.829889
8.007485
8.095994
8.098662
8.085053
8.100789
8.092775
8.004152
7.850503
7.646167
7.381187
7.088714
6.798907
6.483547
6.163043
5.906731
5.696828
5.477363
5.229045
4.919256
4.551101
4.189769
3.853515
3.516716
3.187643
2.875687
2.541855
2.140975
1.671594
1.156900
0.624289
0.102289
-0.398094
-0.875111
-1.314945
-1.700302
-2.018649
-2.269713
-2.492586
-2.759877
-3.118108
-3.551575
-4.005849
-4.419408
-4.753647
-5.044065
-5.389290
-5.861818
-6.464931
-7.141731
-7.800230
-8.384379
-8.906585
-9.381862
-9.797462
-10.144730
-10.417130
-10.616980
-10.774140
-10.915060
-11.059540
-11.242400
-11.468100
-11.694090
-11.891760
-12.057180
-12.182830
-12.261390
-12.275250
-12.193060
-12.025200
-11.846870
-11.726690
-11.663970
-11.624730
-11.608950
-11.640390
-11.699920
-11.719660
-11.655020
-11.520650
-11.348130
-11.150180
-10.942660
-10.750940
-10.577790
-10.397920
-10.155310
-9.782524
-9.277096
-8.720073
-8.192921
-7.708781
-7.250963
-6.839075
-6.505021
-6.235225
-5.961094
-5.611062
-5.173725
-4.685964
-4.199152
-3.761028
-3.360953
-2.920243
-2.370212
-1.712458
-1.006128
-0.301058
0.388581
1.035464
1.594297
2.056991
2.458989
2.828494
3.167070
3.483984
3.806773
4.147223
4.489454
4.812913
5.117332
5.431216
5.787866
6.183724
6.579967
6.953264
7.304985
7.614787
7.841382
7.981946
8.078631
8.163526
8.231405
8.249389
8.184395
8.041388
7.864464
7.691749
7.532579
7.391984
7.292848
7.255668
7.268364
7.300922
7.334427
7.357033
7.354032
7.325474
7.306039
7.330940
7.385554
7.427979
7.435922
7.415352
7.395156
7.393657
7.381823
7.318418
7.203137
7.069102
6.954559
6.878954
6.829975
6.777975
6.686363
6.539008
6.369549
6.211322
6.054119
5.886018
5.714910
5.544770
5.371382
5.176025
4.932247
4.647243
4.346309
4.031493
3.713154
3.427508
3.192957
2.994715
2.821037
2.679210
2.552802
2.398870
2.202003
1.964400
1.679504
1.360478
1.044201
0.753129
0.483299
0.223595
-0.040659
-0.315569
-0.571340
-0.766385
-0.892475
-0.970587
-1.021659
-1.057011
-1.081803
-1.091871
-1.073687
-1.015025
-0.928142
-0.852531
-0.809739
-0.791253
-0.795743
-0.823224
-0.847931
-0.838739
-0.787456
-0.711905
-0.649980
-0.628791
-0.640712
-0.671976
-0.720599
-0.770070
-0.793613
-0.800484
-0.825837
-0.862956
-0.872340
-0.854368
-0.848511
-0.884146
-0.963709
-1.062478
-1.142940
-1.193583
-1.236530
-1.286341
-1.334373
-1.369951
-1.380222
-1.343787
-1.258676
-1.163681
-1.111049
-1.135637
-1.242121
-1.387712
-1.505948
-1.566803
-1.586809
-1.602162
-1.654547
-1.775980
-1.958474
-2.147675
-2.301181
-2.437088
-2.594993
-2.785195
-2.996890
-3.220276
-3.441670
-3.648480
-3.859006
-4.111471
-4.417427
-4.756472
-5.104386
-5.447835
-5.783389
-6.114747
-6.449372
-6.778852
-7.062581
-7.253558
-7.338027
-7.337126
-7.282032
-7.205223
-7.142800
-7.115742
-7.102040
-7.053186
-6.953720
-6.836226
-6.734814
-6.653205
-6.565962
-6.442722
-6.281034
-6.097871
-5.903501
-5.707446
-5.523993
-5.365097
-5.234646
-5.126373
-5.033679
-4.944172
-4.827632
-4.662723
-4.457214
-4.237989
-4.042779
-3.885486
-3.734892
-3.562046
-3.367201
-3.161727
-2.969945
-2.815952
-2.690591
-2.570614
-2.444788
-2.300373
-2.127353
-1.921051
-1.676885
-1.413784
-1.166383
-0.933331
-0.670051
-0.355972
-0.035727
0.231434
0.426443
0.564109
0.668969
0.772732
0.896056
1.010811
1.063415
1.031380
0.935858
0.828164
0.768297
0.798947
0.925714
1.117141
1.337343
1.574797
1.822115
2.051219
2.223835
2.320472
2.370720
2.418973
2.453092
2.421875
2.303919
2.128108
1.944330
1.786719
1.665027
1.569912
1.486797
1.415427
1.362394
1.320162
1.251490
1.112197
0.911238
0.701240
0.512426
0.340705
0.173024
-0.002775
-0.195756
-0.406030
-0.620739
-0.820978
-0.997738
-1.146457
-1.241848
-1.244547
-1.151199
-1.025140
-0.942335
-0.913770
-0.900883
-0.877101
-0.830555
-0.765891
-0.721476
-0.723489
-0.759742
-0.828446
-0.948495
-1.120044
-1.314299
-1.491279
-1.617942
-1.677521
-1.681092
-1.668168
-1.677953
-1.729585
-1.814079
-1.890871
-1.921017
-1.910602
-1.891050
-1.862554
-1.796142
-1.675286
-1.512005
-1.343106
-1.213429
-1.145649
-1.120239
-1.094682
-1.054280
-1.015653
-0.982753
-0.951552
-0.927195
-0.901973
-0.845225
-0.721149
-0.518563
-0.249478
0.080262
0.454680
0.832488
1.189926
1.542245
1.927271
2.385312
2.913712
3.445041
3.900417
4.236225
4.426631
4.476482
4.493811
4.632721
4.924386
5.282609
5.629555
5.909348
6.064087
6.075887
5.995872
5.899787
5.821979
5.758248
5.710163
5.669350
5.603402
5.510829
5.424042
5.355210
5.304068
5.279636
5.285583
5.316009
5.361838
5.414161
5.464918
5.504784
5.522249
5.498478
5.407546
5.233521
4.976834
4.650288
4.290364
3.938891
3.605467
3.280861
2.950457
2.596947
2.238285
1.917975
1.650637
1.430432
1.251838
1.097017
0.956282
0.847988
0.784176
0.752239
0.739386
0.741580
0.756919
0.785835
0.819896
0.833635
0.808146
0.754957
0.696324
0.629141
0.536131
0.414751
0.269936
0.115510
-0.013452
-0.095438
-0.158676
-0.250989
-0.378497
-0.487233
-0.523665
-0.504450
-0.490939
-0.510357
-0.533733
-0.515651
-0.440211
-0.334589
-0.243717
-0.195667
-0.190809
-0.220111
-0.279878
-0.363534
-0.457330
-0.554632
-0.657091
-0.741159
-0.758726
-0.696199
-0.589793
-0.491060
-0.439420
-0.425139
-0.391275
-0.303798
-0.184454
-0.075132
-0.005562
0.018134
0.009384
-0.019162
-0.060499
-0.105916
-0.149241
-0.186523
-0.212200
-0.225699
-0.234311
-0.245616
-0.265066
-0.297639
-0.341598
-0.384664
-0.414787
-0.432030
-0.440084
-0.435301
-0.417629
-0.395840
-0.373223
-0.338021
-0.270849
-0.170210
-0.069328
-0.011729
-0.010718
-0.041748
-0.067337
-0.059531
-0.014057
0.048594
0.107232
0.154731
0.190584
0.216834
0.233977
0.241970
0.247568
0.255601
0.261953
0.260845
0.251594
0.244578
0.257985
0.309516
0.406004
0.528149
0.643467
0.738861
0.820190
0.895123
0.972440
1.057528
1.145964
1.235114
1.332461
1.442100
1.552635
1.644838
1.706343
1.738342
1.749325
1.746307
1.733825
1.708692
1.658030
1.577121
1.473875
1.352441
1.217728
1.083922
0.953828
0.811228
0.645028
0.461717
0.277647
0.102085
-0.069716
-0.236225
-0.385478
-0.520171
-0.661944
-0.826192
-1.004730
-1.184401
-1.378160
-1.611462
-1.878768
-2.149063
-2.404857
-2.644658
-2.869934
-3.089000
-3.314117
-3.547342
-3.780674
-4.005228
-4.213098
-4.399067
-4.561227
-4.700363
-4.824588
-4.948313
-5.079694
-5.210437
-5.321800
-5.401566
-5.448539
-5.462890
-5.445750
-5.406309
-5.357110
-5.304114
-5.249224
-5.194825
-5.137097
-5.066354
-4.979598
-4.880002
-4.765916
-4.633704
-4.484957
-4.322155
-4.142473
-3.941799
-3.727526
-3.517323
-3.320568
-3.131770
-2.940914
-2.746956
-2.558462
-2.376080
-2.190386
-2.000371
-1.811871
-1.624523
-1.437129
-1.252835
-1.071731
-0.894252
-0.728330
-0.575774
-0.426185
-0.271533
-0.105315
0.080694
0.280583
0.475602
0.654018
0.814614
0.959357
1.089704
1.203910
1.298468
1.372891
1.431267
1.483717
1.544327
1.618491
1.695411
1.763398
1.825310
1.887207
1.947863
2.008660
2.074968
2.144955
2.210718
2.268652
2.317643
2.353211
2.375444
2.395699
2.426321
2.470305
2.523840
2.580776
2.638709
2.702800
2.777102
2.858894
2.944449
3.031003
3.113126
3.184973
3.244493
3.294449
3.344454
3.408436
3.494866
3.601367
3.717541
3.830992
3.934896
4.029305
4.115557
4.194099
4.265149
4.327576
4.380382
4.427929
4.477536
4.532098
4.588528
4.642681
4.695536
4.748466
4.795722
4.829916
4.848924
4.855339
4.851510
4.835356
4.808612
4.782743
4.764362
4.748782
4.733983
4.725138
4.725973
4.733137
4.737856
4.736048
4.732486
4.726419
4.706600
4.667680
4.613473
4.547392
4.474249
4.400564
4.329414
4.267542
4.227350
4.208510
4.193114
4.164446
4.114790
4.040389
3.944520
3.839048
3.735220
3.640035
3.558633
3.490734
3.429328
3.364722
3.287556
3.191841
3.075260
2.934822
2.765676
2.566413
2.345507
2.117931
1.891459
1.663881
1.434584
1.209876
0.998593
0.805473
0.624801
0.443887
0.258464
0.078960
-0.085356
-0.241313
-0.401517
-0.565259
-0.723621
-0.880748
-1.049701
-1.228666
-1.401528
-1.556547
-1.692078
-1.811745
-1.921079
-2.026635
-2.132640
-2.234445
-2.319238
-2.377997
-2.415232
-2.446550
-2.486761
-2.537221
-2.585302
-2.618801
-2.637156
-2.645348
-2.644736
-2.634927
-2.617697
-2.595680
-2.569686
-2.537404
-2.494143
-2.434803
-2.356038
-2.258867
-2.150613
-2.042486
-1.942417
-1.851743
-1.766867
-1.680292
-1.585883
-1.485057
-1.386249
-1.301909
-1.240627
-1.199243
-1.167621
-1.136931
-1.103492
-1.070204
-1.041533
-1.017742
-0.997162
-0.977353
-0.953661
-0.924659
-0.892684
-0.857771
-0.820135
-0.783849
-0.753575
-0.730202
-0.710372
-0.691508
-0.676225
-0.670430
-0.678479
-0.700470
-0.732840
-0.768889
-0.800861
-0.827427
-0.853235
-0.877229
-0.893469
-0.901469
-0.903123
-0.895602
-0.874147
-0.837032
-0.787447
-0.734601
-0.687912
-0.645526
-0.601095
-0.560934
-0.535364
-0.520411
-0.506737
-0.496491
-0.496560
-0.507398
-0.526516
-0.551077
-0.576445
-0.598366
-0.617052
-0.638529
-0.667422
-0.699096
-0.722664
-0.730487
-0.724411
-0.713011
-0.705017
-0.704130
-0.706373
-0.706810
-0.706707
-0.708507
-0.711198
-0.711667
-0.706460
-0.696816
-0.688509
-0.682234
-0.673010
-0.662022
-0.658639
-0.667234
-0.682480
-0.699706
-0.720458
-0.748524
-0.786758
-0.836623
-0.897697
-0.968406
-1.046168
-1.127083
-1.208942
-1.294564
-1.390210
-1.498369
-1.617013
-1.747521
-1.893286
-2.053121
-2.223848
-2.406404
-2.606383
-2.826448
-3.060236
-3.298357
-3.535849
-3.769207
-3.991642
-4.195845
-4.379036
-4.541097
-4.679780
-4.795045
-4.892990
-4.976450
-5.039733
-5.078251
-5.094654
-5.093162
-5.074266
-5.037004
-4.982767
-4.913694
-4.830051
-4.732964
-4.625675
-4.509076
-4.381969
-4.245902
-4.103755
-3.956782
-3.806353
-3.654669
-3.502970
-3.350665
-3.196708
-3.042204
-2.890164
-2.741992
-2.596312
-2.451798
-2.308639
-2.166296
-2.023877
-1.883511
-1.748532
-1.618463
-1.489820
-1.361250
-1.234854
-1.113951
-1.001252
-0.897451
-0.801062
-0.709884
-0.623066
-0.542043
-0.468481
-0.401884
-0.340749
-0.285091
-0.235532
-0.191049
-0.149971
-0.111925
-0.077628
-0.047536
-0.020747
0.004712
0.030049
0.054754
0.077635
0.097906
0.115443
0.130684
0.144205
0.156266
0.166659
0.174911
0.180668
0.183991
0.185297
0.185085
0.183805
0.181821
0.179252
0.175922
0.171676
0.166642
0.161111
0.155256
0.149058
0.142439
0.135378
0.127950
0.120287
0.112486
0.104629
0.096804
0.089065
0.081436
0.073925
0.066548
0.059340
0.052349
0.045612
0.039158
0.033014
0.027205
0.021752
0.016676
0.012003
0.007757
0.003960
0.000630
-0.002219
-0.004573
-0.006423
-0.007762
-0.008587
-0.008897
