0.000890
0.000894
0.000892
0.000895
0.000890
0.000893
0.000889
0.000892
0.000888
0.000894
0.000895
0.000904
0.000901
0.000902
0.000889
0.000880
0.000872
0.000893
0.000913
0.000939
0.000940
0.000917
0.000845
0.000760
0.000653
0.000575
0.000576
0.000731
0.000956
0.001237
0.001435
0.001469
0.001352
0.001252
0.001178
0.001182
0.001257
0.001436
0.001624
0.001793
0.001855
0.001730
0.001341
0.000804
0.000179
-0.000171
0.000028
0.000567
0.001218
0.002058
0.002769
0.003019
0.002868
0.002427
0.001661
0.000784
-0.000046
-0.000495
-0.000536
-0.000156
0.000111
0.000346
0.000508
0.000706
0.001003
0.001288
0.001467
0.001515
0.001384
0.001097
0.000791
0.000687
0.000934
0.001792
0.003255
0.004639
0.005339
0.005596
0.005076
0.004738
0.004615
0.004717
0.004947
0.005354
0.005619
0.005547
0.004975
0.004164
0.003564
0.003687
0.004587
0.005930
0.006953
0.006823
0.005617
0.002467
-0.001234
-0.003262
-0.003363
-0.002362
-0.001366
-0.000238
0.000311
0.000201
-0.000670
-0.001540
-0.002440
-0.002875
-0.002854
-0.002538
-0.002518
-0.003134
-0.004267
-0.005507
-0.005389
-0.002553
0.005040
0.015414
0.022653
0.023377
0.018183
0.008528
0.000039
-0.004391
-0.005110
-0.001734
0.004569
0.011693
0.017407
0.018787
0.016826
0.011666
0.005280
0.001965
0.003163
0.006559
0.009330
0.011544
0.012233
0.010819
0.008254
0.003884
-0.001301
-0.005436
-0.008921
-0.012720
-0.016673
-0.020219
-0.022678
-0.022517
-0.017771
-0.009248
-0.001565
0.005674
0.010046
0.008656
0.008425
0.007929
0.007985
0.009731
0.012004
0.014088
0.013998
0.011947
0.007714
0.005107
0.004415
0.004764
0.003339
-0.000849
-0.005405
-0.008833
-0.009669
-0.009827
-0.009981
-0.011668
-0.013826
-0.013901
-0.010178
-0.001540
0.005911
0.007617
0.002266
-0.009753
-0.024617
-0.036965
-0.045406
-0.046194
-0.043122
-0.039982
-0.038194
-0.036088
-0.032640
-0.027640
-0.021168
-0.015753
-0.010679
-0.004663
0.002646
0.010199
0.014943
0.013913
0.009924
0.002317
-0.003804
-0.008076
-0.010758
-0.013753
-0.016287
-0.016302
-0.011276
0.000486
0.020183
0.040616
0.052952
0.053782
0.043440
0.026630
0.008188
-0.005141
-0.011651
-0.018831
-0.024151
-0.024996
-0.019997
-0.011168
0.001121
0.011915
0.015355
0.011028
0.002645
-0.006383
-0.014028
-0.019759
-0.023274
-0.022747
-0.017648
-0.008224
-0.001866
-0.002463
-0.010339
-0.026243
-0.044815
-0.057777
-0.056967
-0.048266
-0.036793
-0.025060
-0.016929
-0.012549
-0.012197
-0.011728
-0.009703
-0.008673
-0.009992
-0.012420
-0.014778
-0.014043
-0.010650
-0.006422
-0.003489
-0.002794
-0.001796
0.000316
0.003422
0.007151
0.010896
0.015135
0.019422
0.022052
0.021331
0.018441
0.008940
-0.006367
-0.021765
-0.028939
-0.023316
-0.009078
0.002844
0.005719
-0.003409
-0.018896
-0.024005
-0.002139
0.043628
0.073896
0.044204
0.000189
-0.013001
0.000816
0.009409
0.006977
0.005561
0.008288
0.014051
0.019500
0.022541
0.022066
0.021316
0.019794
0.017446
0.012837
0.006512
0.003011
0.009044
0.023508
0.036131
0.036570
0.025395
0.008686
-0.009744
-0.021684
-0.021147
-0.012957
0.003099
0.023740
0.037377
0.046239
0.050883
0.051847
0.049836
0.047442
0.044853
0.043090
0.043510
0.045212
0.043577
0.035237
0.023780
0.010988
0.000618
-0.007581
-0.012581
-0.014456
-0.014130
-0.012032
-0.010553
-0.010681
-0.011758
-0.012850
-0.011636
-0.007168
0.001918
0.012432
0.023918
0.032101
0.038589
0.039603
0.030757
0.012316
-0.006383
-0.023745
-0.035542
-0.039716
-0.040381
-0.038615
-0.034327
-0.028548
-0.023944
-0.022125
-0.023814
-0.022802
-0.018047
-0.010015
-0.001742
0.003653
0.004032
-0.002905
-0.009240
-0.013023
-0.010926
-0.003678
0.004496
0.012406
0.017371
0.017798
0.014748
0.009128
-0.000181
-0.009026
-0.014701
-0.014951
-0.013696
-0.011482
-0.009604
-0.007532
-0.005367
-0.003982
-0.003219
-0.000973
0.004604
0.013878
0.021859
0.024115
0.023097
0.022585
0.023299
0.026315
0.028123
0.026731
0.022510
0.015959
0.011638
0.009799
0.009504
0.007396
0.005372
0.006223
0.009490
0.014814
0.020493
0.024774
0.025917
0.024925
0.019837
0.011933
0.001874
-0.007625
-0.010628
-0.011998
-0.012270
-0.011206
-0.008407
-0.002664
0.002206
0.004692
0.001204
-0.010308
-0.025134
-0.037041
-0.044083
-0.049179
-0.055083
-0.058070
-0.053539
-0.043133
-0.027600
-0.011814
-0.001366
-0.000347
-0.005092
-0.016095
-0.031200
-0.041305
-0.047070
-0.047192
-0.043383
-0.037609
-0.025376
-0.009389
0.008727
0.025572
0.039875
0.046022
0.037936
0.024985
0.014637
0.008222
0.004018
0.001154
-0.002018
-0.005370
-0.008911
-0.011549
-0.013444
-0.014897
-0.016098
-0.015875
-0.013607
-0.008170
-0.000931
0.002746
-0.001631
-0.008987
-0.018368
-0.026035
-0.031270
-0.033013
-0.033170
-0.030044
-0.025196
-0.018027
-0.009144
-0.000911
0.002967
0.000702
-0.004638
-0.011216
-0.018372
-0.023518
-0.023577
-0.018044
-0.011881
-0.004908
-0.001611
-0.001492
-0.002645
-0.004645
-0.006573
-0.006944
-0.004743
-0.001148
0.003317
0.008034
0.011105
0.011039
0.009738
0.006838
0.003078
0.000454
0.001806
0.007504
0.018058
0.030823
0.039884
0.040865
0.034319
0.020695
0.004337
-0.011483
-0.025897
-0.040324
-0.055158
-0.065786
-0.071811
-0.074793
-0.074151
-0.068004
-0.058573
-0.044508
-0.027017
-0.004135
0.018343
0.035506
0.046826
0.048549
0.045784
0.043485
0.041007
0.040480
0.044074
0.048632
0.052507
0.053994
0.051146
0.046237
0.037174
0.023658
0.009152
-0.004632
-0.013271
-0.018018
-0.022859
-0.026902
-0.031639
-0.041915
-0.059458
-0.076723
-0.089620
-0.095620
-0.099179
-0.097160
-0.092726
-0.086932
-0.080888
-0.075778
-0.072674
-0.072629
-0.073646
-0.075974
-0.078363
-0.079052
-0.075897
-0.068734
-0.055172
-0.035364
-0.014992
0.007099
0.029323
0.047676
0.062913
0.082515
0.097737
0.109856
0.116952
0.119910
0.123795
0.126276
0.129380
0.133675
0.139209
0.146624
0.156413
0.166104
0.174093
0.178687
0.178372
0.176617
0.175402
0.178030
0.179372
0.162696
0.111928
0.041750
-0.014408
-0.052735
-0.094654
-0.137634
-0.169337
-0.178416
-0.186149
-0.190820
-0.188467
-0.181086
-0.170649
-0.158830
-0.145968
-0.128690
-0.103411
-0.069302
-0.031539
-0.000999
0.024484
0.049858
0.065334
0.069480
0.065356
0.052107
0.035335
0.021674
0.011737
0.004829
-0.007591
-0.025188
-0.044061
-0.064068
-0.082498
-0.091178
-0.092369
-0.092184
-0.090835
-0.085249
-0.076749
-0.068102
-0.062857
-0.059332
-0.057400
-0.055324
-0.053262
-0.051185
-0.045637
-0.028924
0.002495
0.033741
0.058247
0.071930
0.070481
0.065671
0.067731
0.078027
0.096526
0.121535
0.140572
0.154248
0.158225
0.147618
0.120543
0.086739
0.055908
0.043740
0.046906
0.046441
0.038112
0.021751
-0.003518
-0.032146
-0.057917
-0.081285
-0.101305
-0.113789
-0.125176
-0.136080
-0.146573
-0.154007
-0.155421
-0.154472
-0.150775
-0.145067
-0.136503
-0.121270
-0.097447
-0.072280
-0.043186
-0.007416
0.032846
0.067775
0.088655
0.098127
0.103819
0.105543
0.105580
0.103498
0.098070
0.089119
0.079306
0.070202
0.063664
0.057790
0.054561
0.056828
0.068006
0.087867
0.113224
0.134837
0.147786
0.148872
0.140037
0.124302
0.105871
0.082677
0.056470
0.032502
0.008537
-0.015722
-0.031818
-0.039985
-0.044254
-0.039474
-0.029304
-0.016756
-0.001477
0.009902
0.019366
0.027951
0.030661
0.027177
0.019882
0.011051
0.010729
0.018029
0.025640
0.029558
0.030726
0.028802
0.025994
0.023725
0.022251
0.021595
0.021904
0.023511
0.027247
0.032832
0.040689
0.048294
0.055662
0.062859
0.068619
0.070856
0.069776
0.063664
0.056793
0.049096
0.041195
0.034328
0.030092
0.029864
0.032283
0.037393
0.042860
0.046463
0.048180
0.047947
0.047367
0.045616
0.042054
0.036730
0.028436
0.017866
0.005438
-0.008396
-0.022348
-0.033985
-0.042375
-0.049173
-0.052288
-0.050148
-0.044524
-0.033061
-0.020951
-0.008967
0.000935
0.008565
0.013578
0.014484
0.009783
0.003378
-0.005089
-0.014924
-0.023536
-0.028124
-0.029689
-0.029912
-0.031932
-0.036040
-0.041815
-0.046305
-0.049935
-0.054174
-0.060573
-0.070071
-0.080883
-0.091499
-0.099689
-0.103263
-0.101249
-0.094411
-0.083814
-0.070541
-0.052887
-0.038517
-0.028236
-0.022231
-0.021857
-0.022770
-0.022471
-0.020162
-0.011375
0.004904
0.022640
0.040600
0.056163
0.067469
0.075594
0.078453
0.076308
0.071951
0.062293
0.050248
0.034390
0.014382
-0.004427
-0.018800
-0.032683
-0.045210
-0.055449
-0.065968
-0.076533
-0.086023
-0.093690
-0.098792
-0.102584
-0.105250
-0.107476
-0.109011
-0.108999
-0.108366
-0.106616
-0.102999
-0.097099
-0.088673
-0.079843
-0.069299
-0.052113
-0.022915
0.007790
0.031548
0.050435
0.068093
0.084461
0.093688
0.099776
0.106586
0.111305
0.114914
0.116885
0.116144
0.111911
0.103849
0.092676
0.078588
0.066022
0.055184
0.046081
0.038571
0.032144
0.026005
0.017541
0.005945
-0.008948
-0.024837
-0.040070
-0.054135
-0.070120
-0.085740
-0.097844
-0.108970
-0.118685
-0.126871
-0.134826
-0.141740
-0.145371
-0.142139
-0.132982
-0.117138
-0.096509
-0.075694
-0.060335
-0.046941
-0.035308
-0.023975
-0.014683
-0.004837
0.006038
0.017127
0.028262
0.038180
0.046932
0.053850
0.059746
0.063724
0.064906
0.064825
0.063924
0.062682
0.062896
0.064081
0.064371
0.063517
0.061224
0.057731
0.052057
0.043908
0.033348
0.019597
0.002921
-0.014826
-0.030387
-0.041325
-0.048793
-0.052011
-0.052837
-0.050753
-0.047093
-0.043060
-0.039071
-0.034972
-0.030120
-0.023869
-0.015535
-0.007853
-0.001395
0.002895
0.005155
0.003919
-0.000576
-0.007827
-0.014244
-0.019580
-0.023403
-0.026955
-0.030157
-0.032880
-0.034776
-0.035083
-0.033897
-0.031011
-0.027427
-0.022314
-0.014079
-0.003384
0.009572
0.019530
0.026828
0.031183
0.030323
0.027173
0.022324
0.018885
0.015619
0.011335
0.006756
0.002637
-0.000277
-0.001577
-0.001184
0.000154
0.003230
0.006766
0.011398
0.017648
0.025022
0.033857
0.043704
0.052022
0.054557
0.059040
0.065046
0.069754
0.073117
0.075823
0.078141
0.079434
0.079635
0.077389
0.073453
0.067596
0.060448
0.052633
0.044053
0.035448
0.026229
0.016007
0.005448
-0.005125
-0.015185
-0.023949
-0.030062
-0.032729
-0.033806
-0.032863
-0.030660
-0.027382
-0.023854
-0.019646
-0.014743
-0.011663
-0.011790
-0.014432
-0.017469
-0.019355
-0.019429
-0.017991
-0.016596
-0.013963
-0.009163
-0.004784
-0.001259
0.002136
0.005544
0.008870
0.011679
0.013902
0.016595
0.019895
0.023339
0.025857
0.026135
0.024844
0.021356
0.017951
0.014794
0.012445
0.011280
0.011653
0.012744
0.013502
0.012391
0.009985
0.005519
0.000039
-0.006167
-0.012109
-0.017160
-0.021541
-0.025928
-0.030488
-0.035189
-0.040344
-0.045939
-0.051286
-0.054456
-0.055162
-0.055016
-0.053122
-0.048742
-0.042215
-0.032293
-0.022547
-0.013434
-0.005397
0.002682
0.010627
0.016419
0.018885
0.018353
0.016415
0.013397
0.008579
0.001827
-0.006804
-0.016047
-0.025469
-0.034965
-0.043282
-0.049487
-0.052457
-0.052811
-0.050481
-0.044492
-0.037215
-0.028684
-0.019661
-0.009839
0.000416
0.010413
0.018806
0.025407
0.033413
0.041367
0.046484
0.048923
0.049469
0.048345
0.045313
0.042090
0.038685
0.035060
0.031687
0.028912
0.026125
0.024034
0.023163
0.023038
0.023177
0.022669
0.021684
0.020706
0.019585
0.018261
0.017064
0.015854
0.014146
0.012218
0.010210
0.008119
0.005662
0.002570
-0.001457
-0.006629
-0.011876
-0.017224
-0.022342
-0.026646
-0.030470
-0.034692
-0.037790
-0.037996
-0.036397
-0.032634
-0.027511
-0.020781
-0.013377
-0.006019
0.000800
0.007333
0.013569
0.020029
0.026837
0.034016
0.040964
0.046847
0.051155
0.052432
0.051809
0.048169
0.043628
0.038836
0.033795
0.029045
0.024750
0.021213
0.017988
0.016213
0.016474
0.019102
0.023030
0.026411
0.028555
0.028962
0.026792
0.023704
0.019915
0.015250
0.010452
0.006069
0.002490
-0.000288
-0.002016
-0.002526
-0.001734
0.000704
0.003533
0.006409
0.007522
0.007246
0.005546
0.003102
-0.000251
-0.003791
-0.007090
-0.009971
-0.013000
-0.016373
-0.020197
-0.024927
-0.030545
-0.035167
-0.038363
-0.040345
-0.042586
-0.045215
-0.048102
-0.051452
-0.055168
-0.058438
-0.060748
-0.061964
-0.061997
-0.061067
-0.058946
-0.055249
-0.052387
-0.049719
-0.045910
-0.040683
-0.033714
-0.026660
-0.020162
-0.014939
-0.010658
-0.006957
-0.004446
-0.003657
-0.003306
-0.003597
-0.004234
-0.005065
-0.005925
-0.007122
-0.008179
-0.007414
-0.004621
-0.000414
0.004010
0.007834
0.010955
0.013071
0.013968
0.012578
0.009048
0.005680
0.002627
-0.000520
-0.004433
-0.009429
-0.014408
-0.019478
-0.025043
-0.031128
-0.036762
-0.040390
-0.040844
-0.040135
-0.037737
-0.035126
-0.032005
-0.028325
-0.024420
-0.019726
-0.013384
-0.004911
0.002517
0.009464
0.016579
0.023285
0.028980
0.034187
0.038526
0.042271
0.045263
0.048098
0.049850
0.049800
0.048383
0.045605
0.042618
0.039378
0.036222
0.034092
0.033689
0.033485
0.033567
0.033203
0.032643
0.032064
0.031238
0.030299
0.029525
0.028255
0.025898
0.023349
0.020790
0.018187
0.014622
0.009369
0.003618
-0.001984
-0.006544
-0.010185
-0.012786
-0.014724
-0.015136
-0.013837
-0.012457
-0.010858
-0.009274
-0.008091
-0.007755
-0.007376
-0.006477
-0.005696
-0.005306
-0.005228
-0.005027
-0.004135
-0.002249
0.001342
0.006828
0.014847
0.024807
0.034997
0.043215
0.046191
0.048220
0.050379
0.049701
0.048433
0.046003
0.042766
0.038828
0.034245
0.030197
0.027110
0.025263
0.023964
0.023576
0.023259
0.022745
0.021814
0.020979
0.020876
0.021360
0.022431
0.023625
0.024306
0.023913
0.023341
0.022701
0.022722
0.022909
0.022667
0.021458
0.018949
0.015533
0.011118
0.005603
0.000535
-0.004117
-0.007971
-0.010553
-0.011707
-0.012760
-0.013432
-0.014002
-0.015232
-0.017637
-0.020381
-0.023530
-0.026909
-0.030215
-0.033399
-0.036280
-0.038503
-0.039631
-0.040239
-0.040229
-0.039588
-0.037691
-0.033820
-0.029455
-0.025575
-0.023526
-0.022404
-0.021155
-0.020953
-0.022537
-0.024158
-0.025980
-0.027587
-0.028663
-0.029201
-0.029980
-0.030281
-0.029363
-0.027931
-0.025687
-0.021505
-0.014629
-0.007003
0.001179
0.010202
0.019128
0.027385
0.034396
0.038927
0.042684
0.045320
0.044515
0.042766
0.039390
0.035385
0.030685
0.024977
0.019238
0.013463
0.007901
0.002748
-0.001763
-0.005599
-0.008184
-0.009352
-0.011279
-0.013885
-0.016873
-0.020123
-0.022940
-0.024047
-0.024158
-0.024404
-0.024100
-0.022720
-0.021124
-0.019619
-0.018897
-0.018377
-0.017868
-0.017911
-0.018423
-0.018507
-0.018326
-0.018046
-0.017725
-0.017684
-0.018308
-0.019123
-0.019966
-0.021211
-0.023021
-0.025037
-0.027181
-0.029714
-0.032817
-0.036493
-0.040005
-0.043109
-0.045926
-0.049234
-0.052460
-0.054982
-0.057477
-0.059735
-0.061162
-0.061808
-0.062131
-0.062299
-0.062186
-0.062341
-0.062931
-0.063746
-0.063886
-0.062657
-0.060992
-0.058549
-0.055128
-0.051251
-0.047207
-0.042999
-0.038006
-0.031957
-0.025206
-0.018425
-0.011544
-0.004763
0.000880
0.005530
0.010615
0.015465
0.019372
0.022799
0.026029
0.029336
0.032773
0.036575
0.040245
0.043062
0.045267
0.047152
0.049880
0.052469
0.052853
0.050978
0.046699
0.042122
0.036468
0.030920
0.026252
0.022793
0.019543
0.017142
0.016301
0.016587
0.018302
0.020795
0.024542
0.029006
0.032664
0.034780
0.037312
0.040141
0.042950
0.045464
0.047007
0.046897
0.044344
0.041892
0.039186
0.036059
0.033046
0.030566
0.028862
0.027308
0.025860
0.025014
0.024737
0.024158
0.023671
0.023715
0.023999
0.024449
0.024903
0.025239
0.025452
0.026034
0.027060
0.027752
0.028304
0.028862
0.028916
0.028077
0.027069
0.025545
0.023395
0.021409
0.020008
0.018429
0.016357
0.013551
0.010124
0.006274
0.002869
-0.000035
-0.002289
-0.003743
-0.004030
-0.003570
-0.002594
-0.001570
-0.000092
0.001860
0.002806
0.002831
0.002171
0.000586
-0.001948
-0.003996
-0.006037
-0.008618
-0.011528
-0.014541
-0.017229
-0.019184
-0.020261
-0.021407
-0.022294
-0.022365
-0.022017
-0.021943
-0.021809
-0.021334
-0.020697
-0.019437
-0.017416
-0.015865
-0.015867
-0.016751
-0.018552
-0.019931
-0.020759
-0.021238
-0.021981
-0.022186
-0.020949
-0.018684
-0.015517
-0.012196
-0.008723
-0.005992
-0.003734
-0.001803
-0.000120
0.001279
0.002849
0.004020
0.003911
0.002805
0.000743
-0.001324
-0.003177
-0.004265
-0.004907
-0.005273
-0.006456
-0.007922
-0.008849
-0.009453
-0.010034
-0.011122
-0.012091
-0.012285
-0.012375
-0.012265
-0.011730
-0.011099
-0.011036
-0.011515
-0.012748
-0.014072
-0.015390
-0.016582
-0.017856
-0.019103
-0.019885
-0.020215
-0.020277
-0.020194
-0.019966
-0.020003
-0.020557
-0.021731
-0.022958
-0.023962
-0.024550
-0.025349
-0.026696
-0.027185
-0.026452
-0.025507
-0.024562
-0.023979
-0.023595
-0.022793
-0.021293
-0.021243
-0.023904
-0.024951
-0.023917
-0.023398
-0.023171
-0.022689
-0.021826
-0.020511
-0.019189
-0.017666
-0.015737
-0.013645
-0.011453
-0.009047
-0.006345
-0.003630
-0.000861
0.001893
0.004251
0.006068
0.007637
0.008902
0.010009
0.011132
0.012198
0.013187
0.014154
0.015336
0.017041
0.019342
0.021172
0.022363
0.023245
0.024929
0.028055
0.031120
0.033987
0.036051
0.037028
0.036751
0.036410
0.035420
0.033778
0.031410
0.027697
0.022829
0.016475
0.009436
0.003306
-0.001552
-0.005664
-0.008841
-0.010076
-0.009461
-0.007324
-0.004650
-0.001072
0.003117
0.004609
0.004038
0.003157
0.002306
0.001481
0.000499
-0.000289
-0.000155
0.000848
0.002639
0.004175
0.005432
0.006289
0.007047
0.008155
0.010259
0.012879
0.015376
0.018333
0.022254
0.026066
0.029116
0.030918
0.032314
0.033097
0.033755
0.034315
0.034850
0.035280
0.036232
0.036763
0.036486
0.035446
0.034341
0.032799
0.030674
0.027923
0.024523
0.021528
0.019046
0.017369
0.016568
0.017008
0.018208
0.020359
0.022758
0.024287
0.024709
0.024527
0.023508
0.021716
0.019325
0.016313
0.013594
0.011556
0.010500
0.009746
0.009354
0.009503
0.010657
0.012789
0.014042
0.014696
0.015199
0.015427
0.015286
0.015220
0.015124
0.014795
0.013973
0.012491
0.010932
0.008745
0.005577
0.002372
-0.000049
-0.001116
-0.002255
-0.004176
-0.005872
-0.007028
-0.007956
-0.008732
-0.009098
-0.008878
-0.007936
-0.006430
-0.004745
-0.003322
-0.002591
-0.002653
-0.003543
-0.005092
-0.007273
-0.009555
-0.012190
-0.014883
-0.016745
-0.017661
-0.018749
-0.020581
-0.023182
-0.025270
-0.026818
-0.027878
-0.028302
-0.028009
-0.027795
-0.027515
-0.026969
-0.026041
-0.024748
-0.023521
-0.022072
-0.020213
-0.018234
-0.016238
-0.014548
-0.013512
-0.013324
-0.013505
-0.014214
-0.014826
-0.015147
-0.015035
-0.014738
-0.014149
-0.013148
-0.011793
-0.010310
-0.008715
-0.006504
-0.003403
0.000144
0.003133
0.005522
0.007232
0.008428
0.008923
0.008898
0.008479
0.007515
0.006780
0.006046
0.005047
0.004177
0.003615
0.003303
0.003086
0.002929
0.002682
0.002168
0.001056
-0.000797
-0.003340
-0.005529
-0.008431
-0.012688
-0.016427
-0.019325
-0.022093
-0.024336
-0.025442
-0.025992
-0.026142
-0.026189
-0.025800
-0.024609
-0.023127
-0.021295
-0.019386
-0.017809
-0.016617
-0.014856
-0.012988
-0.011430
-0.009310
-0.006230
-0.003674
-0.001999
-0.001204
-0.000843
-0.000824
-0.000984
-0.001136
-0.000794
0.000004
0.001193
0.002227
0.002998
0.003547
0.003643
0.003159
0.002345
0.001126
-0.000214
-0.001439
-0.002322
-0.002803
-0.002278
-0.000620
0.001028
0.001856
0.002170
0.002098
0.002024
0.001673
0.000777
-0.000203
-0.001098
-0.001750
-0.002169
-0.002403
-0.002859
-0.003516
-0.004047
-0.004477
-0.004921
-0.005536
-0.006482
-0.007686
-0.008755
-0.009503
-0.010319
-0.011372
-0.012731
-0.014074
-0.015189
-0.016223
-0.017172
-0.018027
-0.018549
-0.018607
-0.018689
-0.018749
-0.018614
-0.018023
-0.016651
-0.014879
-0.012608
-0.010578
-0.008970
-0.007638
-0.006465
-0.005123
-0.004454
-0.005088
-0.005945
-0.006854
-0.007776
-0.008736
-0.009623
-0.010406
-0.010955
-0.011162
-0.011032
-0.010552
-0.010172
-0.009990
-0.009928
-0.009810
-0.009463
-0.009037
-0.008232
-0.006505
-0.003805
-0.000607
0.002516
0.005626
0.008678
0.011554
0.013906
0.015322
0.015480
0.015433
0.015068
0.015074
0.015472
0.015995
0.016030
0.015686
0.015433
0.015113
0.014700
0.014421
0.014139
0.013314
0.012018
0.010512
0.009038
0.007606
0.006416
0.005619
0.005418
0.005847
0.007220
0.008527
0.010114
0.012356
0.014966
0.017448
0.018988
0.019428
0.019588
0.019717
0.019796
0.019763
0.019482
0.018876
0.017995
0.017036
0.016172
0.015544
0.015323
0.015484
0.015773
0.016004
0.016145
0.016091
0.015890
0.015566
0.014877
0.013760
0.012872
0.012321
0.011988
0.011332
0.010403
0.010394
0.011054
0.011061
0.010640
0.010009
0.009269
0.008273
0.007072
0.005874
0.004730
0.003458
0.002058
0.000758
-0.000487
-0.001622
-0.002516
-0.003125
-0.003715
-0.004264
-0.004735
-0.005202
-0.005663
-0.006028
-0.006202
-0.006060
-0.005611
-0.004741
-0.003633
-0.002338
-0.001122
-0.000097
0.000644
0.001243
0.001486
0.001480
0.001444
0.001451
0.001420
0.001316
0.001169
0.000927
0.000727
0.001001
0.001762
0.002433
0.003091
0.003864
0.004909
0.006266
0.007394
0.008235
0.008676
0.008566
0.007815
0.007152
0.006562
0.006313
0.006489
0.007256
0.008379
0.009834
0.011323
0.012858
0.014293
0.015308
0.015505
0.015216
0.014431
0.013185
0.011423
0.009249
0.007587
0.006331
0.005063
0.003851
0.003045
0.002908
0.003711
0.004817
0.006032
0.007296
0.008434
0.009524
0.010863
0.012336
0.013750
0.014978
0.015615
0.015407
0.014465
0.013332
0.012378
0.011865
0.011579
0.011717
0.012139
0.012775
0.013590
0.014196
0.014472
0.014449
0.013956
0.012991
0.011878
0.010421
0.008813
0.007163
0.005640
0.004103
0.002695
0.001655
0.000674
-0.000619
-0.001724
-0.002314
-0.002638
-0.002810
-0.003031
-0.003322
-0.003613
-0.003728
-0.003913
-0.004550
-0.005269
-0.005986
-0.007061
-0.008459
-0.009601
-0.010622
-0.011680
-0.012821
-0.014134
-0.015576
-0.016680
-0.017105
-0.017371
-0.017583
-0.017843
-0.018074
-0.018185
-0.018058
-0.017698
-0.017589
-0.017483
-0.017207
-0.017253
-0.017687
-0.017714
-0.017564
-0.017747
-0.018380
-0.019588
-0.020923
-0.022217
-0.022889
-0.023267
-0.023579
-0.023855
-0.023977
-0.024012
-0.023798
-0.023205
-0.022670
-0.022036
-0.021026
-0.019989
-0.019490
-0.019324
-0.019771
-0.020640
-0.021635
-0.022283
-0.022942
-0.023802
-0.024766
-0.025592
-0.025952
-0.025868
-0.025412
-0.025132
-0.024770
-0.024108
-0.023398
-0.022836
-0.022387
-0.021786
-0.020759
-0.019799
-0.019211
-0.018594
-0.017920
-0.017370
-0.017030
-0.016759
-0.016208
-0.015347
-0.014705
-0.013980
-0.012876
-0.011822
-0.010842
-0.009263
-0.007389
-0.006230
-0.005231
-0.004083
-0.003211
-0.002666
-0.002036
-0.001465
-0.001007
-0.000230
0.000965
0.002004
0.003242
0.005013
0.006670
0.007851
0.008984
0.009739
0.009903
0.010164
0.010790
0.011165
0.011307
0.011807
0.012564
0.013404
0.014439
0.015607
0.016206
0.016561
0.017076
0.017313
0.017115
0.017241
0.017498
0.017419
0.017216
0.016996
0.016639
0.016200
0.015951
0.015722
0.015084
0.013668
0.011498
0.009524
0.007771
0.006104
0.004277
0.002352
0.000605
-0.000830
-0.001751
-0.002277
-0.002369
-0.002312
-0.002037
-0.001557
-0.000856
0.000151
0.001224
0.002262
0.003024
0.003492
0.003486
0.003375
0.002979
0.002370
0.002156
0.002828
0.003842
0.005187
0.006337
0.007746
0.009690
0.011410
0.012862
0.014368
0.015569
0.016078
0.016291
0.016102
0.015838
0.015091
0.013711
0.012577
0.012270
0.012128
0.011665
0.010664
0.010008
0.010133
0.010015
0.009618
0.009099
0.008468
0.007799
0.007471
0.007529
0.007759
0.008226
0.008862
0.009026
0.008575
0.007981
0.007322
0.006761
0.006193
0.005719
0.005515
0.005146
0.004291
0.003852
0.004293
0.004927
0.005438
0.005355
0.004792
0.003930
0.003423
0.002794
0.001632
0.000519
-0.000126
-0.000526
-0.000414
0.000091
0.000328
0.000055
0.000041
0.000131
-0.000107
-0.000614
-0.001234
-0.001542
-0.001511
-0.001423
-0.001099
-0.000465
0.000212
0.001072
0.002355
0.004126
0.005970
0.007107
0.007491
0.008467
0.009826
0.010891
0.011514
0.011565
0.011407
0.011054
0.010657
0.010030
0.009106
0.008275
0.007445
0.006266
0.004870
0.003614
0.002643
0.001892
0.001127
0.000562
0.000387
0.000444
0.000692
0.000945
0.001424
0.002185
0.002752
0.002695
0.002786
0.003449
0.004005
0.004394
0.004679
0.004794
0.004731
0.004778
0.004832
0.004561
0.004112
0.003673
0.003040
0.002100
0.001322
0.000621
-0.000059
-0.000471
-0.000588
-0.001055
-0.001689
-0.002205
-0.002775
-0.003479
-0.004128
-0.004793
-0.005641
-0.006724
-0.008128
-0.009653
-0.011329
-0.013022
-0.014463
-0.015289
-0.015587
-0.015395
-0.014960
-0.014392
-0.013737
-0.013073
-0.012373
-0.011684
-0.011022
-0.010514
-0.010307
-0.010397
-0.010439
-0.010486
-0.010635
-0.011005
-0.011526
-0.011625
-0.011327
-0.010766
-0.009896
-0.008540
-0.007320
-0.006102
-0.004804
-0.003816
-0.003433
-0.003294
-0.003611
-0.004112
-0.004438
-0.004639
-0.005295
-0.006314
-0.006905
-0.007316
-0.007918
-0.008627
-0.009094
-0.008998
-0.008639
-0.008612
-0.008835
-0.009175
-0.009299
-0.009002
-0.008168
-0.007337
-0.006446
-0.005362
-0.004263
-0.003546
-0.003258
-0.003589
-0.003974
-0.004543
-0.005266
-0.005754
-0.005794
-0.005818
-0.005563
-0.004759
-0.003822
-0.003247
-0.003353
-0.004039
-0.004903
-0.005467
-0.005509
-0.005646
-0.005758
-0.005639
-0.005454
-0.005328
-0.005269
-0.005308
-0.005450
-0.005663
-0.006097
-0.006894
-0.007951
-0.008620
-0.009006
-0.009112
-0.008911
-0.008168
-0.007219
-0.006205
-0.005196
-0.004351
-0.003583
-0.002703
-0.001882
-0.001143
-0.000093
0.001215
0.002341
0.003545
0.005041
0.006361
0.007278
0.008007
0.008539
0.008872
0.008993
0.008837
0.008557
0.008139
0.007663
0.007160
0.006751
0.006593
0.006645
0.006728
0.006742
0.006671
0.006691
0.006683
0.006405
0.005788
0.004992
0.004666
0.004409
0.003835
0.003630
0.004113
0.004387
0.004576
0.004980
0.005503
0.005970
0.006113
0.006056
0.006262
0.006724
0.007239
0.007373
0.006899
0.006146
0.005939
0.006528
0.006474
0.005657
0.004512
0.003310
0.002140
0.001054
-0.000051
-0.001139
-0.001786
-0.001750
-0.001753
-0.001617
-0.001343
-0.001028
-0.000675
-0.000253
0.000005
-0.000197
-0.000444
-0.000385
0.000020
0.001153
0.002857
0.004132
0.004522
0.005185
0.006204
0.007061
0.007969
0.008995
0.009609
0.009825
0.010215
0.010521
0.010513
0.010470
0.010349
0.009909
0.008943
0.007491
0.006025
0.004458
0.002694
0.001010
-0.000221
-0.001231
-0.001860
-0.002043
-0.002206
-0.002508
-0.002646
-0.002565
-0.002590
-0.002925
-0.003682
-0.004419
-0.005032
-0.005528
-0.006077
-0.006661
-0.007005
-0.006968
-0.006758
-0.006547
-0.006365
-0.006066
-0.005542
-0.004765
-0.003650
-0.002144
-0.000707
0.000867
0.002967
0.005217
0.006987
0.008431
0.009352
0.009882
0.010016
0.009897
0.009476
0.008572
0.007777
0.006943
0.005878
0.004689
0.003486
0.002544
0.001628
0.000434
-0.000830
-0.001951
-0.002696
-0.003007
-0.003052
-0.003195
-0.003402
-0.003356
-0.002525
-0.000861
0.000176
0.000457
0.000850
0.001440
0.002130
0.002462
0.002258
0.002078
0.001811
0.001403
0.001141
0.001085
0.001000
0.001255
0.002122
0.003013
0.003920
0.004913
0.005974
0.007073
0.008317
0.009728
0.010867
0.011292
0.010885
0.010422
0.010340
0.010317
0.010137
0.009713
0.009390
0.009130
0.008253
0.006918
0.005986
0.005094
0.004031
0.003244
0.002679
0.001956
0.001359
0.001183
0.001183
0.001427
0.001807
0.001958
0.001666
0.001367
0.000697
-0.000492
-0.001623
-0.002397
-0.003202
-0.003795
-0.003822
-0.003602
-0.003401
-0.003369
-0.003389
-0.003381
-0.003388
-0.003444
-0.003559
-0.003724
-0.003865
-0.003847
-0.003832
-0.004361
-0.005242
-0.005950
-0.006356
-0.006492
-0.006937
-0.007645
-0.008506
-0.009456
-0.010395
-0.011081
-0.011579
-0.011946
-0.012060
-0.011751
-0.011241
-0.010623
-0.010148
-0.009805
-0.009505
-0.008988
-0.008385
-0.007920
-0.007274
-0.006124
-0.004715
-0.003137
-0.001935
-0.001055
-0.000496
-0.000060
0.000566
0.001730
0.002662
0.002842
0.002912
0.002959
0.002956
0.002954
0.002949
0.002780
0.002582
0.002685
0.002817
0.002835
0.002929
0.002978
0.002698
0.002397
0.002114
0.001430
0.000394
-0.000289
-0.000451
-0.000141
-0.000135
-0.000624
-0.001636
-0.002590
-0.003151
-0.003677
-0.004117
-0.004403
-0.004766
-0.005149
-0.005303
-0.005363
-0.005447
-0.005267
-0.004804
-0.004399
-0.003782
-0.002802
-0.001950
-0.001285
-0.000519
0.000164
0.000553
0.000850
0.000872
0.000508
-0.000045
-0.000465
-0.000972
-0.001752
-0.002709
-0.003624
-0.004247
-0.004811
-0.005216
-0.005276
-0.005125
-0.004789
-0.004338
-0.003841
-0.003500
-0.003174
-0.002759
-0.002314
-0.001952
-0.001739
-0.001415
-0.000860
-0.000404
-0.000100
0.000204
0.000500
0.000776
0.001118
0.001507
0.001870
0.002366
0.003145
0.003996
0.004739
0.005196
0.005646
0.006243
0.006823
0.007352
0.007857
0.008180
0.008195
0.008158
0.007989
0.007598
0.007175
0.006704
0.005851
0.004265
0.002332
0.001255
0.001513
0.001256
0.000590
-0.000042
-0.000409
-0.000491
-0.000785
-0.001126
-0.001275
-0.001353
-0.001473
-0.001620
-0.001842
-0.002137
-0.002335
-0.002423
-0.002621
-0.002865
-0.003154
-0.003729
-0.004637
-0.005230
-0.005453
-0.005636
-0.006480
-0.007935
-0.009109
-0.010031
-0.010712
-0.011201
-0.011877
-0.013307
-0.014640
-0.015426
-0.016374
-0.017267
-0.017640
-0.017785
-0.017821
-0.017655
-0.017356
-0.017109
-0.016747
-0.016330
-0.016325
-0.016402
-0.016058
-0.015549
-0.015013
-0.014391
-0.013445
-0.012140
-0.010964
-0.010189
-0.009396
-0.008478
-0.007480
-0.006657
-0.006163
-0.005676
-0.005200
-0.004688
-0.004026
-0.003298
-0.002967
-0.002748
-0.002242
-0.001715
-0.001306
-0.000851
-0.000501
-0.000369
-0.000014
0.000739
0.001315
0.001967
0.003023
0.004090
0.004862
0.005444
0.005939
0.006349
0.006442
0.006170
0.006126
0.006120
0.005945
0.005883
0.006140
0.006484
0.006930
0.007469
0.008004
0.008536
0.009008
0.009319
0.009369
0.009256
0.009083
0.009364
0.010127
0.011083
0.011743
0.012087
0.012556
0.013022
0.013331
0.013581
0.013803
0.013903
0.013973
0.014169
0.014411
0.014665
0.014970
0.015297
0.015558
0.015911
0.016327
0.016356
0.015931
0.015467
0.015153
0.014858
0.014065
0.012691
0.011364
0.010557
0.010450
0.010210
0.009845
0.009303
0.008806
0.008501
0.008208
0.007809
0.007229
0.006753
0.006505
0.006200
0.005901
0.005758
0.005736
0.005770
0.005638
0.005247
0.004612
0.003862
0.003061
0.002323
0.001545
0.000778
0.000470
0.000868
0.001205
0.001584
0.001936
0.002178
0.002286
0.002374
0.002234
0.001750
0.001170
0.000652
0.000277
0.000081
0.000014
-0.000079
-0.000256
-0.000417
-0.000534
-0.000605
-0.000573
-0.000325
0.000164
0.000916
0.001752
0.002698
0.003834
0.004980
0.006034
0.006875
0.007582
0.008103
0.008053
0.007482
0.007226
0.007067
0.006797
0.006586
0.006628
0.006923
0.007271
0.007380
0.007446
0.007449
0.007201
0.006590
0.005838
0.005517
0.005671
0.005432
0.004719
0.003682
0.002733
0.001930
0.001280
0.000788
0.000367
-0.000094
-0.000380
-0.000208
0.000207
0.000459
0.000606
0.000751
0.001026
0.001301
0.001433
0.001551
0.001733
0.001901
0.002084
0.002170
0.001713
0.000453
-0.000810
-0.002330
-0.004014
-0.005505
-0.006545
-0.007375
-0.008020
-0.008567
-0.009122
-0.009586
-0.009697
-0.009592
-0.009557
-0.009457
-0.009255
-0.009144
-0.009074
-0.008940
-0.009044
-0.009567
-0.010115
-0.010892
-0.011911
-0.012772
-0.013284
-0.013805
-0.014164
-0.014220
-0.014205
-0.014153
-0.013892
-0.013381
-0.012892
-0.012345
-0.011746
-0.011338
-0.011183
-0.010999
-0.010623
-0.010041
-0.009834
-0.009919
-0.009744
-0.009755
-0.010410
-0.011167
-0.011930
-0.012606
-0.013356
-0.014266
-0.015059
-0.015525
-0.015625
-0.015498
-0.015383
-0.015124
-0.014565
-0.014000
-0.013372
-0.012586
-0.011673
-0.010650
-0.009632
-0.008495
-0.007201
-0.005981
-0.004951
-0.003868
-0.002852
-0.002128
-0.001768
-0.001833
-0.001866
-0.001545
-0.000651
0.000416
0.001015
0.001364
0.001540
0.001829
0.002061
0.002158
0.002349
0.002548
0.002374
0.002048
0.001856
0.001471
0.000872
0.000716
0.000759
0.000640
0.000698
0.001018
0.001018
0.000835
0.000980
0.001365
0.001697
0.001486
0.000897
0.000803
0.001182
0.001828
0.002154
0.002207
0.002414
0.002531
0.002340
0.002143
0.001984
0.001789
0.001594
0.001414
0.001154
0.000879
0.000877
0.000961
0.000896
0.000909
0.001091
0.001159
0.001351
0.001908
0.002431
0.002728
0.003143
0.003682
0.004157
0.004528
0.004774
0.004997
0.005342
0.005971
0.006672
0.007223
0.007955
0.008880
0.009648
0.010366
0.011192
0.012037
0.012903
0.013820
0.014645
0.015281
0.016046
0.016989
0.017584
0.017911
0.018431
0.018951
0.019239
0.019327
0.019229
0.019101
0.018931
0.018765
0.018618
0.018529
0.018499
0.018352
0.017977
0.017718
0.017538
0.017051
0.016409
0.015919
0.015552
0.015191
0.014580
0.013467
0.011864
0.010567
0.010093
0.009743
0.009406
0.008694
0.007747
0.006714
0.005823
0.005037
0.004145
0.003194
0.002214
0.001178
0.000150
-0.000586
-0.001067
-0.001408
-0.001625
-0.001715
-0.001829
-0.001990
-0.002244
-0.002450
-0.002505
-0.002560
-0.002842
-0.003634
-0.004934
-0.006362
-0.007369
-0.007822
-0.008289
-0.008716
-0.009092
-0.009509
-0.010093
-0.010778
-0.011370
-0.011567
-0.011799
-0.012286
-0.012606
-0.012719
-0.012886
-0.013009
-0.012952
-0.012856
-0.012843
-0.012941
-0.013125
-0.013278
-0.013432
-0.013618
-0.013784
-0.013883
-0.013920
-0.014021
-0.014223
-0.014159
-0.013752
-0.013543
-0.013380
-0.012979
-0.012454
-0.011853
-0.011167
-0.010408
-0.009680
-0.008806
-0.007701
-0.006738
-0.006020
-0.005312
-0.004678
-0.004129
-0.003650
-0.003320
-0.003207
-0.003343
-0.003324
-0.003251
-0.003289
-0.003377
-0.003463
-0.003479
-0.003306
-0.002893
-0.002465
-0.001986
-0.001108
0.000165
0.000912
0.001332
0.001795
0.002140
0.002316
0.002568
0.002399
0.001372
0.000386
0.000031
-0.000136
-0.000221
-0.000502
-0.000947
-0.001493
-0.002012
-0.002558
-0.003409
-0.004243
-0.004412
-0.004442
-0.004594
-0.004466
-0.003999
-0.003907
-0.004083
-0.004303
-0.004774
-0.005395
-0.005439
-0.004923
-0.004507
-0.004208
-0.004182
-0.004398
-0.004846
-0.004901
-0.004605
-0.004027
-0.003102
-0.001912
-0.001102
-0.000654
-0.000045
0.000413
0.000475
0.000567
0.000883
0.001001
0.000982
0.001143
0.001372
0.001580
0.001813
0.002198
0.002774
0.003452
0.004030
0.004450
0.004729
0.005137
0.005620
0.005928
0.006139
0.006362
0.006488
0.006432
0.006398
0.006354
0.006303
0.006288
0.006388
0.006640
0.007056
0.007503
0.007977
0.008461
0.008990
0.009532
0.009925
0.010215
0.010600
0.010978
0.011205
0.011301
0.011186
0.010978
0.010710
0.010418
0.009971
0.009326
0.008781
0.008357
0.007886
0.007370
0.006837
0.006310
0.005881
0.005661
0.005588
0.005545
0.005614
0.005872
0.006179
0.006466
0.006604
0.006456
0.006240
0.006794
0.008292
0.009247
0.009744
0.010049
0.010210
0.010187
0.010082
0.009807
0.009288
0.008674
0.008123
0.007447
0.006647
0.006048
0.005664
0.005423
0.005190
0.005002
0.004766
0.004384
0.003835
0.003428
0.003407
0.003471
0.003126
0.001812
0.000376
-0.000628
-0.001516
-0.002317
-0.003072
-0.003928
-0.004939
-0.005799
-0.006472
-0.007128
-0.007787
-0.008365
-0.008652
-0.008719
-0.008977
-0.009118
-0.008912
-0.008839
-0.008990
-0.008998
-0.008930
-0.008884
-0.008749
-0.008560
-0.008652
-0.008758
-0.008398
-0.008126
-0.008340
-0.008646
-0.009054
-0.009623
-0.010114
-0.010262
-0.010532
-0.010859
-0.010771
-0.010512
-0.010424
-0.010134
-0.009412
-0.008704
-0.007863
-0.006860
-0.006031
-0.005634
-0.005332
-0.004687
-0.003967
-0.003367
-0.002947
-0.002641
-0.002372
-0.001985
-0.001599
-0.001318
-0.001001
-0.000655
-0.000412
-0.000103
0.000456
0.000997
0.001419
0.001962
0.002526
0.002836
0.003083
0.003491
0.003796
0.003934
0.004169
0.004170
0.003678
0.003353
0.003756
0.004579
0.005660
0.006296
0.006755
0.007246
0.007715
0.008166
0.008678
0.009129
0.009379
0.009609
0.009751
0.009705
0.009415
0.008963
0.008489
0.007913
0.007231
0.006498
0.005804
0.005163
0.004802
0.004932
0.005288
0.005342
0.005085
0.004601
0.004323
0.004238
0.004283
0.004371
0.004386
0.004230
0.003860
0.003459
0.003150
0.002907
0.002407
0.001784
0.001354
0.000771
-0.000194
-0.001062
-0.001675
-0.002180
-0.002906
-0.003949
-0.004817
-0.005374
-0.005835
-0.006358
-0.006994
-0.007595
-0.008101
-0.008536
-0.009031
-0.009605
-0.010070
-0.010415
-0.010797
-0.011116
-0.011290
-0.011418
-0.011502
-0.011540
-0.011604
-0.011740
-0.011803
-0.011777
-0.011778
-0.011688
-0.011442
-0.011207
-0.010998
-0.010704
-0.010211
-0.009485
-0.008805
-0.008205
-0.007356
-0.006425
-0.005867
-0.005269
-0.004441
-0.003804
-0.003337
-0.002600
-0.001674
-0.000684
0.000459
0.001750
0.002690
0.003442
0.004218
0.004762
0.004867
0.004861
0.004580
0.004220
0.004208
0.004761
0.005244
0.005561
0.005871
0.006236
0.006615
0.006875
0.006969
0.006958
0.006785
0.006449
0.006027
0.005450
0.004660
0.003480
0.001989
0.000747
-0.000133
-0.000873
-0.001583
-0.002254
-0.002405
-0.001802
-0.001028
-0.000639
-0.001125
-0.001503
-0.001553
-0.001518
-0.001496
-0.001566
-0.001693
-0.001929
-0.002248
-0.002542
-0.002728
-0.003125
-0.003735
-0.004046
-0.004188
-0.004401
-0.004566
-0.004630
-0.004788
-0.005036
-0.005348
-0.005795
-0.006332
-0.006610
-0.006828
-0.007253
-0.007618
-0.007814
-0.007959
-0.008006
-0.007837
-0.007424
-0.006783
-0.006270
-0.005824
-0.005382
-0.004970
-0.004725
-0.004777
-0.005055
-0.005164
-0.005436
-0.005977
-0.006138
-0.005956
-0.005822
-0.005525
-0.004812
-0.003952
-0.003165
-0.002679
-0.002102
-0.001204
-0.000347
0.000358
0.000976
0.001613
0.002321
0.002909
0.003224
0.003404
0.003421
0.003269
0.002947
0.002511
0.002206
0.001938
0.001590
0.001256
0.001083
0.001113
0.000965
0.000354
0.000046
0.000703
0.001826
0.003158
0.004198
0.004784
0.004912
0.005315
0.005751
0.005990
0.006335
0.006895
0.007274
0.007547
0.008084
0.008483
0.008556
0.008855
0.009460
0.009994
0.010406
0.010693
0.011015
0.011523
0.012307
0.013122
0.013452
0.013098
0.012120
0.011904
0.012128
0.012212
0.012252
0.012338
0.012343
0.012392
0.012610
0.012647
0.012399
0.012177
0.011987
0.011770
0.011502
0.011165
0.010840
0.010504
0.010148
0.009743
0.009262
0.008713
0.008146
0.007622
0.007120
0.006574
0.005948
0.005450
0.005296
0.005215
0.005228
0.005295
0.005538
0.005937
0.006186
0.006291
0.006604
0.007069
0.007444
0.007508
0.007250
0.007245
0.007318
0.007183
0.006905
0.006472
0.005917
0.005353
0.004958
0.004543
0.004007
0.003479
0.003003
0.002573
0.002146
0.001697
0.001244
0.000799
0.000366
-0.000074
-0.000523
-0.000962
-0.001344
-0.001666
-0.002047
-0.002500
-0.002908
-0.003367
-0.003915
-0.004306
-0.004616
-0.005318
-0.006205
-0.006812
-0.007012
-0.006694
-0.006439
-0.006459
-0.006876
-0.007237
-0.007588
-0.008144
-0.008651
-0.008846
-0.009143
-0.009665
-0.009797
-0.009724
-0.009770
-0.009712
-0.009503
-0.009569
-0.009638
-0.009390
-0.009200
-0.009183
-0.008869
-0.008233
-0.007582
-0.007374
-0.007849
-0.008244
-0.008403
-0.008101
-0.007724
-0.007509
-0.007294
-0.007160
-0.007209
-0.007152
-0.006838
-0.006677
-0.006656
-0.006521
-0.006363
-0.006302
-0.006131
-0.005833
-0.005603
-0.005514
-0.005493
-0.005243
-0.004911
-0.004975
-0.005141
-0.005036
-0.004929
-0.004972
-0.005093
-0.005257
-0.005415
-0.005603
-0.005845
-0.006100
-0.006440
-0.006891
-0.007222
-0.007475
-0.007927
-0.008348
-0.008474
-0.008652
-0.008896
-0.009001
-0.009105
-0.009421
-0.009772
-0.010093
-0.010490
-0.010961
-0.011396
-0.011755
-0.011993
-0.012199
-0.012356
-0.012442
-0.012375
-0.012137
-0.011938
-0.011697
-0.011339
-0.011008
-0.010772
-0.010525
-0.010278
-0.010085
-0.009942
-0.009852
-0.009741
-0.009660
-0.009676
-0.009872
-0.010101
-0.009805
-0.008862
-0.007846
-0.006850
-0.005964
-0.005360
-0.004962
-0.004323
-0.003668
-0.003189
-0.002701
-0.002296
-0.002271
-0.002448
-0.002480
-0.002400
-0.002207
-0.001928
-0.001659
-0.001491
-0.001241
-0.000750
-0.000082
0.000936
0.002102
0.002524
0.001839
0.001675
0.002030
0.002644
0.003421
0.004328
0.005163
0.006001
0.006841
0.007621
0.008254
0.008717
0.009115
0.009704
0.010310
0.010673
0.010882
0.011082
0.011464
0.011699
0.011526
0.011423
0.011439
0.011325
0.011252
0.011366
0.011279
0.010831
0.010402
0.010145
0.010116
0.009961
0.009672
0.009554
0.009500
0.009355
0.009263
0.009396
0.009718
0.010065
0.010270
0.010619
0.011246
0.011857
0.012297
0.012524
0.012876
0.013472
0.013851
0.014016
0.014174
0.014212
0.014095
0.014139
0.014136
0.013820
0.013576
0.013650
0.013719
0.013748
0.013709
0.013710
0.013810
0.013898
0.013863
0.013612
0.013275
0.012914
0.012520
0.012113
0.011706
0.010928
0.009615
0.008575
0.008044
0.008108
0.008379
0.008367
0.007636
0.006664
0.006126
0.005788
0.005431
0.004855
0.004196
0.003655
0.003296
0.003234
0.003235
0.002843
0.001822
0.001238
0.001260
0.000983
0.000549
0.000295
0.000210
0.000416
0.000834
0.000864
0.000053
-0.000481
-0.000669
-0.001112
-0.001625
-0.001901
-0.002123
-0.002412
-0.002832
-0.003350
-0.003899
-0.004322
-0.004643
-0.005029
-0.005335
-0.005464
-0.005590
-0.005615
-0.005378
-0.005092
-0.004821
-0.004390
-0.003928
-0.003758
-0.003504
-0.003006
-0.002752
-0.002656
-0.002286
-0.002102
-0.002329
-0.002261
-0.001895
-0.001742
-0.001636
-0.001423
-0.001279
-0.001176
-0.001007
-0.001071
-0.001514
-0.001756
-0.001735
-0.001737
-0.001739
-0.001727
-0.001871
-0.002056
-0.002039
-0.002053
-0.002284
-0.002577
-0.002952
-0.003314
-0.003562
-0.003636
-0.003714
-0.003791
-0.003949
-0.004219
-0.004558
-0.004737
-0.004809
-0.004870
-0.004912
-0.004915
-0.004892
-0.004802
-0.004625
-0.004421
-0.004281
-0.004315
-0.004794
-0.005691
-0.006107
-0.005555
-0.005175
-0.005164
-0.005604
-0.006305
-0.007065
-0.007507
-0.007776
-0.008089
-0.008479
-0.008890
-0.009239
-0.009633
-0.010097
-0.010411
-0.010666
-0.011171
-0.011598
-0.011685
-0.011974
-0.012435
-0.012511
-0.012111
-0.011456
-0.011491
-0.012567
-0.014019
-0.015067
-0.015319
-0.015462
-0.015451
-0.015288
-0.015554
-0.016364
-0.016482
-0.016082
-0.015920
-0.015658
-0.015063
-0.014546
-0.014023
-0.013391
-0.012926
-0.012610
-0.011877
-0.010967
-0.010552
-0.010226
-0.009652
-0.008942
-0.008330
-0.008040
-0.007733
-0.007137
-0.006393
-0.005632
-0.005065
-0.004553
-0.003974
-0.003286
-0.002545
-0.001877
-0.001170
-0.000436
-0.000015
0.000278
0.001071
0.001970
0.002530
0.003214
0.004004
0.004463
0.004790
0.005272
0.005642
0.005758
0.005885
0.005998
0.006077
0.006209
0.006387
0.006487
0.006673
0.007012
0.007086
0.006924
0.007179
0.007488
0.007348
0.007120
0.006974
0.006983
0.007118
0.007323
0.007525
0.007694
0.007702
0.007344
0.006839
0.007162
0.008215
0.008789
0.009089
0.009437
0.009855
0.010247
0.010577
0.010864
0.011172
0.011566
0.011929
0.011993
0.012042
0.012378
0.012561
0.012501
0.012600
0.012724
0.012642
0.012471
0.012297
0.012331
0.012806
0.013534
0.013407
0.012137
0.011274
0.010883
0.010823
0.010788
0.010706
0.010531
0.010447
0.010550
0.010486
0.010372
0.010522
0.010507
0.010091
0.009877
0.009803
0.009460
0.009201
0.009226
0.009043
0.008673
0.008491
0.008331
0.007999
0.007581
0.007070
0.006524
0.006026
0.005633
0.005252
0.004953
0.004726
0.004427
0.004067
0.003945
0.003848
0.003542
0.003386
0.003490
0.003327
0.003090
0.003076
0.003044
0.002899
0.002885
0.002966
0.002932
0.002635
0.002173
0.002166
0.002357
0.002354
0.002369
0.002484
0.002463
0.002261
0.001961
0.001718
0.001587
0.001367
0.001126
0.000972
0.000821
0.000592
0.000240
-0.000233
-0.000744
-0.001197
-0.001569
-0.001926
-0.002401
-0.003253
-0.004485
-0.005537
-0.005407
-0.004820
-0.004524
-0.004978
-0.005847
-0.006104
-0.006397
-0.007123
-0.007630
-0.007840
-0.008180
-0.008519
-0.008776
-0.009164
-0.009526
-0.009594
-0.009687
-0.009957
-0.010089
-0.010134
-0.010311
-0.010483
-0.010350
-0.009778
-0.009137
-0.009033
-0.009319
-0.009758
-0.009800
-0.009613
-0.009560
-0.009475
-0.009375
-0.009615
-0.010016
-0.010174
-0.010074
-0.009746
-0.009546
-0.009406
-0.009257
-0.009116
-0.008986
-0.008817
-0.008640
-0.008504
-0.008388
-0.008315
-0.008301
-0.008218
-0.007950
-0.007731
-0.007687
-0.007604
-0.007418
-0.007156
-0.006968
-0.006892
-0.006699
-0.006378
-0.006011
-0.005707
-0.005462
-0.005075
-0.004670
-0.004383
-0.003985
-0.003520
-0.003506
-0.003694
-0.003376
-0.003090
-0.003127
-0.002975
-0.002776
-0.002822
-0.002949
-0.003061
-0.003179
-0.003147
-0.002889
-0.002886
-0.003318
-0.003461
-0.003321
-0.003075
-0.002813
-0.002631
-0.002548
-0.002208
-0.001363
-0.000696
-0.000539
-0.000248
0.000234
0.000768
0.001205
0.001293
0.000994
0.000632
0.000770
0.001303
0.002074
0.002525
0.002692
0.002701
0.002577
0.002389
0.002394
0.002428
0.002210
0.001991
0.001994
0.002137
0.002161
0.001745
0.001436
0.001554
0.001613
0.001548
0.001433
0.001521
0.002162
0.003273
0.004395
0.004417
0.004020
0.003725
0.003614
0.003666
0.003802
0.004021
0.004305
0.004506
0.004560
0.004563
0.004588
0.004653
0.004677
0.004805
0.005201
0.005584
0.005748
0.005864
0.005999
0.006182
0.006263
0.006215
0.006280
0.006364
0.006164
0.005908
0.005904
0.005951
0.005939
0.005857
0.005779
0.005793
0.005876
0.006048
0.006274
0.006512
0.006649
0.006695
0.006665
0.006623
0.006452
0.006148
0.005979
0.005913
0.005707
0.005472
0.005311
0.005062
0.004811
0.004816
0.004838
0.004735
0.004671
0.004731
0.004858
0.004936
0.004884
0.004776
0.004647
0.004553
0.004425
0.004244
0.004130
0.004088
0.004041
0.004069
0.004188
0.004176
0.004047
0.004017
0.004035
0.003901
0.003424
0.002831
0.002815
0.003288
0.004009
0.004301
0.004199
0.004280
0.004389
0.004397
0.004433
0.004414
0.004162
0.003953
0.004018
0.003867
0.003386
0.003089
0.002860
0.002537
0.002283
0.002156
0.001978
0.001786
0.001765
0.002148
0.002788
0.002624
0.001718
0.000676
0.000168
0.000235
0.000084
-0.000160
-0.000338
-0.000508
-0.000733
-0.000978
-0.001234
-0.001444
-0.001559
-0.001561
-0.001637
-0.001814
-0.002048
-0.002184
-0.002286
-0.002591
-0.002808
-0.002711
-0.002870
-0.003283
-0.003256
-0.003123
-0.003384
-0.003701
-0.003858
-0.004017
-0.004257
-0.004603
-0.005021
-0.005379
-0.005470
-0.005520
-0.005791
-0.005984
-0.005955
-0.005984
-0.005922
-0.005630
-0.005466
-0.005557
-0.005450
-0.005225
-0.005088
-0.004960
-0.004799
-0.004649
-0.004518
-0.004402
-0.004394
-0.004472
-0.004386
-0.004214
-0.004213
-0.004298
-0.004387
-0.004391
-0.004271
-0.004049
-0.003891
-0.003845
-0.003730
-0.003612
-0.003657
-0.003571
-0.003236
-0.003112
-0.003274
-0.003557
-0.004412
-0.005587
-0.005266
-0.003692
-0.003235
-0.003474
-0.003670
-0.003730
-0.003766
-0.003688
-0.003633
-0.003727
-0.003683
-0.003454
-0.003362
-0.003312
-0.003149
-0.002993
-0.002846
-0.002631
-0.002459
-0.002463
-0.002503
-0.002456
-0.002287
-0.001814
-0.001106
-0.000782
-0.001246
-0.001778
-0.002085
-0.002029
-0.001940
-0.001973
-0.001988
-0.001954
-0.001949
-0.001997
-0.002086
-0.002148
-0.002095
-0.001926
-0.001870
-0.002128
-0.002299
-0.002269
-0.002214
-0.002194
-0.002315
-0.002647
-0.003067
-0.003008
-0.002719
-0.002609
-0.002522
-0.002432
-0.002496
-0.002583
-0.002517
-0.002543
-0.002717
-0.002704
-0.002751
-0.003127
-0.003398
-0.003351
-0.003413
-0.003494
-0.003410
-0.003390
-0.003536
-0.003565
-0.003496
-0.003538
-0.003491
-0.003227
-0.002995
-0.002713
-0.002169
-0.001559
-0.001155
-0.000745
-0.000292
0.000075
0.000513
0.001105
0.001448
0.001469
0.001708
0.001974
0.002066
0.002282
0.002756
0.003067
0.003281
0.003586
0.003819
0.003900
0.004037
0.004050
0.003617
0.003045
0.002778
0.003150
0.003959
0.004267
0.004256
0.004349
0.004870
0.005547
0.005391
0.005005
0.005241
0.005578
0.005634
0.005592
0.005645
0.005951
0.006282
0.006463
0.006546
0.006639
0.006859
0.006933
0.006763
0.007003
0.007745
0.008029
0.007740
0.007197
0.006702
0.006382
0.006087
0.005888
0.005894
0.005928
0.005876
0.005531
0.005071
0.005020
0.005013
0.004692
0.004536
0.004668
0.004601
0.004411
0.004263
0.004086
0.003845
0.003657
0.003511
0.003323
0.003030
0.002675
0.002516
0.002437
0.002098
0.001848
0.001982
0.001923
0.001483
0.001093
0.000874
0.000913
0.001069
0.001229
0.001260
0.001209
0.001201
0.001284
0.001469
0.001613
0.001805
0.002118
0.002147
0.001622
0.001352
0.001459
0.001366
0.001126
0.000910
0.000719
0.000481
0.000140
-0.000289
-0.000610
-0.000725
-0.000644
-0.000707
-0.000847
-0.000787
-0.000735
-0.000909
-0.001024
-0.000981
-0.000919
-0.001031
-0.001448
-0.001834
-0.002146
-0.002774
-0.003530
-0.003916
-0.003818
-0.003308
-0.003135
-0.003103
-0.002926
-0.002867
-0.003044
-0.002986
-0.002630
-0.002531
-0.002480
-0.002207
-0.001910
-0.001712
-0.001486
-0.001324
-0.001374
-0.001531
-0.001679
-0.001695
-0.001539
-0.001298
-0.000944
-0.000703
-0.001023
-0.002055
-0.002763
-0.003166
-0.003410
-0.003670
-0.004040
-0.004419
-0.004702
-0.004811
-0.004901
-0.005043
-0.005166
-0.005094
-0.004742
-0.004445
-0.004518
-0.004427
-0.004067
-0.003865
-0.003752
-0.003492
-0.003166
-0.002885
-0.002716
-0.002653
-0.002614
-0.002689
-0.002882
-0.002979
-0.002921
-0.002874
-0.002863
-0.002942
-0.003130
-0.003328
-0.003231
-0.003000
-0.003072
-0.003208
-0.003258
-0.003360
-0.003479
-0.003437
-0.003340
-0.003317
-0.003204
-0.002952
-0.002831
-0.002808
-0.002709
-0.002542
-0.002294
-0.001987
-0.001735
-0.001710
-0.001647
-0.001362
-0.001377
-0.001722
-0.001638
-0.001421
-0.001489
-0.001526
-0.001374
-0.001340
-0.001416
-0.001417
-0.001328
-0.001165
-0.001004
-0.000945
-0.001089
-0.001165
-0.000864
-0.000505
-0.000294
-0.000150
-0.000017
0.000091
0.000116
0.000185
0.000390
0.000403
0.000243
0.000401
0.000687
0.000790
0.000872
0.001023
0.001145
0.001304
0.001603
0.001842
0.001904
0.001992
0.002254
0.002734
0.003222
0.003377
0.003213
0.002697
0.002351
0.002206
0.002249
0.002333
0.002344
0.002273
0.002186
0.002185
0.002146
0.002005
0.001856
0.001693
0.001536
0.001369
0.001193
0.001089
0.001132
0.001238
0.001244
0.001180
0.001161
0.001257
0.001329
0.001353
0.001397
0.001452
0.001493
0.001560
0.001648
0.001663
0.001688
0.001851
0.001980
0.001975
0.001993
0.002044
0.002053
0.002045
0.002050
0.002008
0.001945
0.002002
0.002014
0.001838
0.001770
0.001942
0.002001
0.001936
0.001856
0.001819
0.001840
0.001851
0.001820
0.001736
0.001723
0.001802
0.001775
0.001709
0.001819
0.001911
0.001783
0.001710
0.001757
0.001764
0.001750
0.001740
0.001667
0.001536
0.001532
0.001585
0.001472
0.001165
0.000745
0.000576
0.000708
0.000852
0.000910
0.000861
0.000789
0.000664
0.000488
0.000356
0.000353
0.000285
0.000166
0.000197
0.000276
0.000264
0.000279
0.000392
0.000481
0.000570
0.000683
0.000739
0.000733
0.000845
0.001105
0.001366
0.001421
0.001125
0.000872
0.000773
0.000795
0.000853
0.000848
0.000848
0.000893
0.000953
0.001005
0.001039
0.001053
0.001061
0.001092
0.001113
0.001077
0.001030
0.000990
0.000934
0.000867
0.000812
0.000712
0.000556
0.000467
0.000418
0.000285
0.000123
0.000017
-0.000058
-0.000163
-0.000365
-0.000529
-0.000528
-0.000548
-0.000621
-0.000668
-0.000689
-0.000720
-0.000779
-0.000854
-0.000877
-0.000856
-0.000846
-0.000844
-0.000840
-0.000832
-0.000820
-0.000809
-0.000804
-0.000810
-0.000822
-0.000842
-0.000866
-0.000884
-0.000889
-0.000903
-0.000932
-0.000954
-0.000970
-0.000983
-0.000989
-0.000982
-0.000970
-0.000976
-0.001013
-0.001039
-0.001025
-0.000998
-0.000952
-0.000901
-0.000850
-0.000835
-0.000909
-0.001009
-0.000966
-0.000848
-0.000730
-0.000687
-0.000703
-0.000696
-0.000684
-0.000684
-0.000698
-0.000718
-0.000712
-0.000691
-0.000675
-0.000652
-0.000627
-0.000623
-0.000607
-0.000551
-0.000508
-0.000502
-0.000484
-0.000451
-0.000403
-0.000326
-0.000238
-0.000223
-0.000268
-0.000288
-0.000284
-0.000261
-0.000239
-0.000214
-0.000189
-0.000165
-0.000143
-0.000116
-0.000079
-0.000037
-0.000006
0.000008
0.000039
0.000087
0.000112
0.000127
0.000150
0.000162
0.000160
0.000174
0.000189
0.000190
0.000191
0.000198
0.000200
0.000199
0.000203
0.000205
0.000201
0.000197
0.000194
0.000189
0.000184
0.000178
0.000171
0.000167
0.000166
0.000162
0.000153
0.000147
0.000147
0.000140
0.000130
0.000123
0.000118
0.000114
0.000109
0.000104
0.000104
0.000103
0.000101
0.000097
0.000093
0.000088
0.000086
0.000085
0.000080
0.000074
0.000072
0.000071
0.000068
0.000064
0.000060
0.000056
0.000052
0.000048
0.000042
0.000034
0.000028
0.000022
0.000012
0.000005
0.000001
-0.000001
-0.000003
-0.000007
-0.000011
-0.000016
-0.000020
-0.000024
-0.000027
-0.000031
-0.000035
-0.000038
-0.000042
-0.000045
-0.000049
-0.000052
-0.000055
-0.000058
-0.000062
-0.000065
-0.000068
-0.000071
-0.000074
-0.000076
-0.000079
-0.000082
-0.000085
-0.000089
-0.000092
-0.000095
-0.000097
-0.000100
-0.000102
-0.000105
-0.000107
-0.000110
-0.000112
-0.000115
-0.000118
-0.000120
-0.000123
-0.000125
-0.000128
-0.000131
-0.000133
-0.000136
-0.000139
-0.000142
-0.000144
-0.000147
-0.000150
-0.000153
-0.000156
-0.000158
-0.000161
-0.000164
-0.000167
-0.000170
-0.000173
-0.000176
-0.000179
-0.000182
-0.000185
-0.000188
-0.000191
-0.000194
-0.000197
-0.000200
-0.000203
