0.009438
0.009446
0.009488
0.009569
0.009461
0.009264
0.009444
0.009582
0.009020
0.008537
0.008984
0.009199
0.008332
0.007680
0.007966
0.008038
0.007804
0.007893
0.008183
0.008079
0.007172
0.005981
0.006262
0.008320
0.009058
0.007700
0.006161
0.005672
0.005726
0.006612
0.005921
0.004050
0.005747
0.006132
0.000560
0.001167
0.005283
-0.000574
-0.005042
0.001156
0.006831
0.007190
0.004669
0.003627
0.007070
0.009812
0.008100
0.006014
0.003430
-0.006933
-0.017633
-0.010156
0.001329
-0.004806
-0.008413
0.008304
0.017330
-0.003127
-0.015577
0.001502
0.003185
-0.018850
-0.023934
-0.008527
-0.006434
-0.014422
-0.007234
0.001581
-0.006653
-0.006326
-0.000030
0.003955
0.006454
-0.004521
-0.019842
-0.020783
-0.009301
-0.002287
0.003203
0.006955
-0.000297
-0.004778
0.004598
0.004257
-0.008099
-0.005566
-0.001319
-0.003987
0.000289
-0.006975
-0.025713
-0.011570
0.007888
-0.003890
-0.018767
-0.020477
-0.011466
0.001456
-0.000502
-0.007508
-0.007290
-0.008701
-0.014320
-0.006607
0.008807
-0.000972
-0.019732
-0.018585
-0.008520
-0.004780
-0.002343
-0.003171
0.001386
0.000216
-0.015477
-0.026325
-0.015773
0.006550
0.010450
0.000002
-0.007584
-0.009904
-0.014118
-0.019391
-0.008193
0.004675
-0.011451
-0.024540
-0.023676
-0.031293
-0.028033
0.008502
0.032799
-0.000860
-0.043148
-0.020729
0.021850
0.038703
0.026478
-0.013138
-0.033152
-0.002022
0.030634
0.016096
0.002640
0.001171
-0.023680
-0.040688
-0.016673
0.006000
0.006809
0.013778
0.025341
0.016197
-0.009759
-0.004584
0.023389
0.018836
-0.002158
-0.016225
-0.026342
-0.024035
-0.012989
-0.002709
0.026956
0.042306
-0.007715
-0.037541
0.007020
0.035999
0.030696
0.023018
0.008363
-0.014889
-0.023050
-0.006933
0.011787
0.035373
0.031541
-0.009087
-0.037281
-0.014571
0.011393
0.018833
0.032071
0.013904
-0.024762
-0.020207
0.021454
0.031648
0.003185
-0.013120
-0.011502
-0.010354
0.010930
0.020549
-0.017530
-0.041627
-0.016123
0.001271
-0.002874
-0.003951
0.001055
0.010888
0.012774
0.006086
0.014543
0.014218
-0.004496
-0.016059
-0.035796
-0.055370
-0.033944
0.008353
0.019759
0.018228
0.030218
0.048255
0.077476
0.120916
0.155212
0.143117
0.113211
0.124227
0.140708
0.135733
0.136780
0.141630
0.135056
0.138117
0.141066
0.137106
0.127534
0.098285
0.051403
-0.005652
-0.069272
-0.127762
-0.184824
-0.244609
-0.298499
-0.339891
-0.347968
-0.312199
-0.261997
-0.235550
-0.253431
-0.284502
-0.269616
-0.203918
-0.143426
-0.102820
-0.086980
-0.085892
-0.106551
-0.091165
0.094872
0.310058
0.205297
0.010518
0.220827
0.360488
0.259229
0.241955
0.287732
0.289708
0.265765
0.221020
0.143560
0.066305
0.022132
0.008820
-0.012888
-0.047818
-0.075296
-0.084190
-0.070315
-0.001913
0.043639
-0.040541
-0.050201
0.008817
-0.080077
-0.124070
-0.029123
-0.003257
-0.075406
-0.135119
-0.159763
-0.143057
-0.088858
-0.050066
-0.081623
-0.101895
-0.079990
-0.076175
-0.087174
-0.110308
-0.166418
-0.153382
-0.020614
0.091343
0.087801
0.020600
0.032107
0.109983
0.145604
0.096314
0.040950
0.027926
0.024193
0.018813
0.027394
0.025083
0.019977
0.051852
0.093778
0.105951
0.065815
-0.003598
-0.013862
0.077832
0.163169
0.146192
0.066641
0.046289
0.040544
-0.047228
-0.130243
-0.123643
-0.116759
-0.141414
-0.110293
-0.042053
-0.025755
-0.068911
-0.077482
-0.020819
0.043080
0.059271
0.010957
-0.032445
-0.025574
-0.004732
0.006134
0.043117
0.095885
0.066159
0.018728
0.033315
0.062923
0.049564
0.016947
0.016665
0.033276
0.021530
0.036005
0.044569
0.010813
0.007182
0.023867
0.023271
0.031569
-0.004437
-0.080387
-0.109132
-0.102348
-0.105962
-0.073353
-0.038163
-0.108051
-0.176657
-0.176025
-0.199252
-0.204851
-0.146518
-0.084975
0.015400
0.119316
0.140260
0.096806
0.048549
0.015815
0.036367
0.083570
0.077564
0.036507
0.045961
0.027526
-0.054033
-0.064645
-0.040699
-0.006509
0.024219
0.013253
-0.035655
-0.024097
0.057226
0.072187
0.007984
0.009612
0.109157
0.187344
0.193779
0.167075
0.199878
0.300659
0.291886
0.104243
-0.018035
0.074464
0.217049
0.258092
0.207032
0.147705
0.049963
-0.149551
-0.338647
-0.336666
-0.270977
-0.319933
-0.291987
-0.162491
-0.092821
-0.105425
-0.128711
-0.120552
-0.160996
-0.228727
-0.124655
-0.143027
-0.245324
-0.172673
-0.134268
-0.198833
-0.157406
-0.046749
0.061632
0.104882
0.084020
0.094751
0.093345
0.080259
0.136066
0.223438
0.336454
0.352648
0.241220
0.159520
0.189529
0.219762
0.207275
0.237188
0.301779
0.290592
0.143280
0.074218
0.121249
0.039960
-0.084330
-0.078366
-0.015684
-0.031309
-0.070582
-0.062057
-0.064152
-0.104368
-0.147958
-0.115983
-0.136151
-0.227289
-0.280964
-0.178649
0.030613
0.087090
-0.052300
-0.332194
-0.391563
-0.036243
0.302119
0.267450
-0.064884
-0.263596
-0.075472
0.186782
0.274905
0.313796
0.438773
0.510497
0.344190
0.095882
0.059478
0.143868
0.232205
0.287426
-0.016132
-0.527719
-0.656358
-0.272306
0.258135
0.598723
0.513499
0.173025
-0.046158
-0.178239
-0.405655
-0.510236
-0.281542
0.026189
0.247910
0.368299
0.305572
0.058494
-0.279107
-0.587462
-0.633306
-0.371295
-0.116684
0.040502
0.106562
-0.048384
-0.204631
0.043919
0.498419
0.795256
0.853982
0.748365
0.604644
0.387609
0.190411
0.127334
-0.056156
-0.380994
-0.480914
-0.208651
0.027677
-0.001689
-0.046227
-0.007181
-0.076215
-0.407761
-0.720513
-0.819125
-0.554982
-0.060809
-0.084035
-0.327694
-0.173667
0.044060
-0.055203
-0.260279
-0.232469
-0.107527
-0.283415
-0.502252
-0.377003
-0.221765
-0.329341
-0.569895
-0.616640
-0.232752
0.219879
0.260521
-0.044693
-0.308961
-0.342883
-0.343400
-0.316883
-0.173832
-0.123334
-0.030093
0.243307
0.390795
0.389058
0.491788
0.636436
0.630845
0.369569
0.003063
-0.198637
-0.338617
-0.414944
-0.380958
-0.388601
-0.236990
0.217461
0.490916
0.498008
0.478855
0.202585
-0.249119
-0.499104
-0.460006
-0.464253
-0.316003
0.130403
0.412301
0.603899
0.549910
0.266040
0.202532
0.279237
0.250399
0.153061
0.064062
0.025353
0.100515
0.233718
0.331120
0.338438
0.216209
0.050799
0.061452
0.228476
0.328598
0.355440
0.346016
0.211296
0.059326
-0.039039
-0.283701
-0.598935
-0.776790
-0.662122
-0.180353
0.201309
0.217483
0.043191
-0.125639
-0.223727
-0.337476
-0.380851
-0.204863
0.049826
0.202433
0.292509
0.347115
0.288897
0.165524
0.064259
0.061010
0.185452
0.216980
0.059424
-0.035242
0.095043
0.297122
0.386759
0.415193
0.400100
0.249817
0.015031
-0.220251
-0.431957
-0.535191
-0.484461
-0.286737
0.008616
0.282629
0.263746
-0.023240
-0.179777
-0.194945
-0.308620
-0.397897
-0.354639
-0.363198
-0.118156
0.471010
0.530409
0.056142
-0.232398
-0.205873
-0.166666
-0.177393
-0.061991
0.180854
0.266416
0.160633
-0.050273
-0.275732
-0.351719
-0.285826
-0.087582
0.192043
0.364234
0.389024
0.360899
0.346516
0.368442
0.216110
-0.115092
-0.194563
0.075680
0.274215
0.217011
-0.020547
-0.174670
-0.225342
-0.294841
-0.196587
0.152019
0.292417
0.133435
0.092260
0.191168
0.130732
-0.052554
-0.104242
-0.013969
-0.019594
-0.169128
-0.274971
-0.250440
-0.142979
0.003020
0.214458
0.407376
0.457455
0.372991
0.164792
-0.027569
-0.038503
0.016288
0.041513
0.024748
-0.054848
-0.084078
-0.050940
-0.102093
-0.187400
-0.124940
0.091787
0.238070
0.190158
-0.022117
-0.114461
0.043335
0.116392
0.013224
0.001387
0.047855
-0.077213
-0.214842
-0.223875
-0.230273
-0.299538
-0.299724
-0.192743
-0.158050
-0.168219
-0.017336
0.211102
0.279985
0.153860
0.005523
-0.122479
-0.180946
0.000948
0.172507
0.186891
0.193905
0.181940
0.090124
0.020306
0.061950
0.124545
0.117146
0.033063
-0.074764
-0.155710
-0.170872
-0.093597
-0.027561
-0.054685
-0.014077
0.094120
0.163330
0.198816
0.197604
0.161426
0.107853
-0.000202
-0.134912
-0.210257
-0.113822
0.097796
0.146566
-0.034359
-0.140222
-0.025271
0.060800
0.031156
0.075173
0.181924
0.189722
0.146166
0.141387
0.118094
0.007792
-0.115441
-0.230140
-0.314667
-0.323361
-0.311163
-0.211809
-0.064783
-0.106133
-0.164907
-0.075540
-0.006135
-0.008390
0.013249
-0.010439
-0.099109
-0.087412
-0.022530
-0.066176
-0.021484
0.056022
-0.099875
-0.232296
-0.163350
-0.040965
0.041290
0.004011
-0.076921
-0.038450
-0.028016
-0.055258
-0.006053
0.068573
0.162229
0.251638
0.211574
0.103128
0.047465
0.010257
-0.062625
-0.147227
-0.196543
-0.163222
-0.083836
-0.067929
-0.089063
-0.086623
-0.077360
-0.132530
-0.190406
-0.168239
-0.144843
-0.181322
-0.167176
-0.108670
-0.085355
-0.101880
-0.107090
-0.100129
-0.114231
-0.050331
0.024868
0.040664
0.098995
0.164026
0.145773
0.069406
-0.002927
0.011251
0.086716
0.060703
-0.016649
-0.064084
-0.066661
0.009979
0.095732
0.101963
0.080240
0.100193
0.054740
-0.068810
-0.142277
-0.116648
-0.064079
-0.138351
-0.180302
-0.003737
0.147695
0.080449
0.006000
0.082505
0.163736
0.129902
0.007816
-0.068467
-0.081504
-0.170025
-0.268850
-0.203095
-0.049839
0.054112
0.022985
-0.060145
-0.023844
0.102361
0.123739
0.033595
-0.011144
-0.007274
0.034611
0.065727
-0.001063
-0.010206
0.080980
0.094892
0.020983
-0.042713
-0.052520
-0.076930
-0.175230
-0.249503
-0.182503
-0.054034
-0.011095
0.050519
0.114667
0.087934
0.071137
0.125851
0.190297
0.214207
0.207616
0.207296
0.226524
0.227570
0.158850
0.115736
0.143125
0.111357
0.013246
-0.008192
0.058950
0.089067
0.095017
0.144853
0.190678
0.193084
0.160830
0.114470
0.093822
0.087564
0.051756
0.027430
-0.010197
-0.119038
-0.180791
-0.148362
-0.138919
-0.140064
-0.083925
-0.095650
-0.166917
-0.095304
0.022994
-0.023100
-0.119101
-0.065798
0.064346
0.106866
0.008969
-0.047940
0.063770
0.124429
-0.001571
-0.072730
0.064714
0.135273
0.042763
0.057356
0.177982
0.168490
0.026862
-0.030541
-0.038176
-0.106454
-0.130485
-0.006389
0.078081
-0.022303
-0.074987
0.041807
0.058631
-0.065249
-0.055308
0.053223
0.121619
0.147872
0.116236
0.039834
0.002881
-0.045720
-0.089664
0.007901
0.106666
0.084244
0.127425
0.230472
0.169720
0.078446
0.138177
0.210191
0.188454
0.143090
0.101348
0.115029
0.096046
-0.144448
-0.380175
-0.287484
-0.083009
-0.015519
0.047852
0.085842
0.019814
0.039649
0.140976
0.089569
-0.021214
-0.010864
0.011089
-0.050214
-0.045391
-0.020562
-0.090802
-0.142044
-0.142812
-0.174855
-0.162312
-0.008361
0.086456
-0.023772
-0.117832
-0.090301
-0.067993
-0.024436
0.042782
0.032895
-0.055483
-0.107498
-0.014156
0.081921
-0.014127
-0.151879
-0.129542
-0.093517
-0.110189
-0.068827
0.009478
0.081991
0.066517
-0.022578
0.001939
0.061535
0.043907
0.066677
0.147533
0.173814
0.097486
-0.005466
-0.114856
-0.182206
-0.118105
-0.055188
-0.073114
-0.052916
-0.000771
-0.047982
-0.151787
-0.133270
-0.087744
-0.134385
-0.158547
-0.105084
-0.027956
0.073143
0.167444
0.187882
0.097414
0.011744
0.022770
-0.017060
-0.147494
-0.065889
0.168827
0.160986
0.087962
0.127478
0.110548
-0.006105
-0.107846
-0.095644
-0.023273
0.007354
0.047619
0.087527
0.114774
0.151744
0.106716
-0.001885
-0.022446
-0.012573
0.004688
0.049476
0.044317
-0.001957
0.018593
0.047512
0.012928
-0.016532
0.003082
0.030563
0.034290
0.012918
-0.025350
-0.079909
-0.122655
-0.101888
-0.083543
-0.146887
-0.145053
-0.030001
-0.021781
-0.157466
-0.207281
-0.164761
-0.132133
-0.104659
-0.094081
-0.068149
0.006801
0.044430
0.039397
0.067376
0.089458
0.059005
0.026032
0.015101
0.020737
-0.031009
-0.155652
-0.190907
-0.096367
0.014739
0.027760
-0.003057
-0.022903
-0.054020
-0.054309
-0.034945
-0.022862
-0.029076
-0.075498
-0.088887
-0.022566
0.039188
0.049689
0.026680
0.018741
0.032884
0.038123
0.062386
0.108028
0.112188
0.044165
-0.025032
-0.043730
-0.055346
-0.107826
-0.162710
-0.155075
-0.079384
-0.003706
0.017278
-0.016247
-0.065961
-0.091628
-0.116009
-0.128115
-0.076603
-0.024167
0.003107
0.051635
0.083822
0.048771
0.032765
0.093958
0.121972
0.106578
0.118994
0.117896
0.083333
0.078935
0.124825
0.126967
0.065450
0.049050
0.108282
0.125397
0.044057
0.012423
0.091417
0.126812
0.073839
0.044609
0.075083
0.095199
0.083846
0.073049
0.072261
0.055619
0.026745
0.022384
0.043244
0.033800
-0.006707
-0.017410
-0.021161
-0.063373
-0.112213
-0.124405
-0.088812
-0.036187
-0.036569
-0.095108
-0.110663
-0.098039
-0.145564
-0.181031
-0.131327
-0.037424
0.039360
0.035687
-0.018676
-0.022875
0.005823
0.030573
0.053864
0.062215
0.037722
-0.013155
-0.044442
-0.040765
-0.046491
-0.046957
0.000770
0.062480
0.075223
0.038079
0.018759
0.030619
0.049130
0.056891
0.058434
0.078463
0.102303
0.092352
0.065447
0.055088
0.045626
0.009386
-0.027695
-0.018331
0.033786
0.066703
0.073236
0.053685
0.005504
0.005222
0.050124
0.047575
0.015971
0.026495
0.051990
0.041813
0.047876
0.080738
0.097559
0.077793
0.045420
0.054838
0.106436
0.122078
0.076567
0.002988
-0.083843
-0.150406
-0.160917
-0.118126
-0.061367
-0.007470
0.015637
-0.012423
-0.050791
-0.056805
-0.059015
-0.067300
-0.048983
-0.019501
-0.006443
-0.025077
-0.065232
-0.104074
-0.140056
-0.170306
-0.155126
-0.102824
-0.068597
-0.037214
-0.013181
-0.000012
0.031243
0.068574
0.091412
0.097382
0.088180
0.060292
0.004973
-0.060803
-0.072974
-0.025007
-0.000981
0.025348
0.083573
0.084346
0.034722
0.007583
-0.006578
-0.050106
-0.103371
-0.095525
-0.044774
-0.040327
-0.026642
0.040716
0.088404
0.080638
0.069672
0.065333
0.062496
0.048421
0.015687
0.001334
-0.002086
-0.030499
-0.063855
-0.064252
-0.037773
-0.018645
-0.004845
0.040163
0.084023
0.057457
-0.005720
-0.041695
-0.041606
-0.019188
0.006699
0.028752
0.050898
0.066011
0.062974
0.041575
0.003557
-0.054716
-0.107361
-0.114661
-0.083847
-0.059953
-0.051184
-0.015548
0.038957
0.040618
-0.019130
-0.083829
-0.094591
-0.053881
0.004255
0.052667
0.070958
0.049625
0.010921
-0.008949
-0.023120
-0.022980
0.005269
0.013935
-0.016559
-0.022533
0.004719
-0.009128
-0.052807
-0.062754
-0.053220
-0.048179
-0.009054
0.021036
-0.009461
-0.033310
-0.024650
-0.010768
0.021857
0.050407
0.040049
0.020805
0.013625
0.011958
0.001178
-0.000412
0.034598
0.053251
0.027044
0.014484
0.019233
0.028976
0.064535
0.107058
0.106557
0.048310
-0.020718
-0.051842
-0.032281
-0.005411
0.010589
0.033378
0.044069
0.034154
0.040971
0.047700
0.016444
-0.031456
-0.044314
-0.029481
-0.033929
-0.037690
-0.037372
-0.043734
-0.016520
0.031324
0.055235
0.054269
0.029540
-0.011787
-0.030405
-0.016785
0.004755
0.033756
0.065321
0.058490
-0.004151
-0.062145
-0.065978
-0.042765
-0.045154
-0.081075
-0.090926
-0.071223
-0.069693
-0.063898
-0.039307
-0.008040
0.011664
0.005582
0.000369
-0.004357
-0.036092
-0.072862
-0.076808
-0.053596
-0.019127
0.028967
0.058169
0.021403
-0.018331
-0.006489
-0.010914
-0.057068
-0.066276
-0.004264
0.020904
-0.008735
0.016479
0.074382
0.063473
0.002370
-0.018140
-0.007041
-0.015254
-0.032396
-0.024694
-0.014121
-0.023548
-0.025583
0.000084
0.023221
0.041035
0.064870
0.062561
0.040465
0.038818
0.028710
0.011425
0.009012
0.000161
-0.009500
0.013649
0.037453
0.023215
-0.004661
-0.028254
-0.059122
-0.077018
-0.052880
-0.007910
0.026185
0.035147
0.029120
0.019777
0.017029
0.014282
-0.001774
-0.016809
-0.009865
0.003861
-0.007170
-0.016998
0.013722
0.050214
0.046488
0.029230
0.033042
0.045071
0.033419
0.021647
0.033004
0.039918
0.026510
0.015605
0.026539
0.045833
0.049779
0.032135
0.022660
0.032846
0.034827
0.036280
0.055717
0.069834
0.065953
0.060781
0.054101
0.031999
0.008148
0.008424
0.024569
0.022198
0.004285
-0.000311
0.000250
-0.009491
-0.018347
-0.027881
-0.042487
-0.054053
-0.053401
-0.045617
-0.044687
-0.042813
-0.034254
-0.029964
-0.029660
-0.025084
-0.015924
-0.008648
-0.007900
-0.005473
0.005276
0.016226
0.015545
0.003043
-0.000498
0.007230
0.006605
-0.006053
-0.015810
-0.012723
-0.007336
-0.012517
-0.015110
-0.010030
-0.012099
-0.019273
-0.019423
-0.011661
-0.007629
-0.010690
-0.013206
-0.011481
-0.009952
-0.011819
-0.012000
-0.008817
-0.007188
-0.007778
-0.008112
-0.007888
-0.007140
-0.005562
-0.003951
-0.003025
-0.002733
-0.002989
-0.003369
-0.003553
-0.003518
-0.003340
-0.003028
-0.002468
-0.001725
-0.001080
-0.000714
-0.000527
-0.000291
-0.000064
0.000155
0.000393
0.000603
0.000799
0.000999
0.001203
0.001397
0.001570
0.001728
0.001874
0.002005
0.002125
0.002235
0.002336
0.002425
0.002503
0.002568
0.002620
