0.000418
0.000415
0.000413
0.000410
0.000407
0.000405
0.000402
0.000399
0.000395
0.000390
0.000384
0.000378
0.000378
0.000385
0.000394
0.000385
0.000369
0.000363
0.000351
0.000327
0.000292
0.000301
0.000335
0.000375
0.000374
0.000373
0.000371
0.000383
0.000410
0.000441
0.000330
0.000154
-0.000000
0.000090
0.000250
0.000442
0.000574
0.000388
0.000121
-0.000017
0.000164
0.000458
0.000762
0.000746
0.000475
0.000214
0.000380
0.000751
0.000106
-0.000532
-0.000214
0.000200
0.000288
-0.000094
-0.000622
-0.001247
-0.001812
-0.001191
-0.000398
0.000477
0.001513
0.001888
0.001738
0.001231
-0.000086
-0.000805
0.000312
0.001972
0.003050
0.000782
-0.001992
-0.001513
-0.000138
0.001227
0.001506
0.000848
-0.000032
-0.000952
-0.000459
0.000806
0.001376
0.000446
-0.000942
-0.000158
0.003559
0.003278
0.001466
0.000454
-0.001271
-0.001503
-0.001354
0.000492
0.004400
0.003109
-0.002487
0.000960
0.005849
0.009436
0.005122
-0.001805
-0.008338
-0.010872
-0.006138
-0.001256
0.003829
0.008793
0.008947
0.007271
0.004248
0.000437
-0.003293
-0.003900
-0.001976
-0.000062
0.001875
0.003969
0.006353
0.008724
0.006846
0.002026
-0.002834
-0.008458
-0.012994
-0.009505
-0.004835
-0.003119
-0.004233
-0.005453
-0.002100
0.002251
0.006406
0.007762
0.004248
-0.000186
-0.004601
-0.001755
0.006993
0.011019
0.008378
0.005700
0.004469
0.003100
0.002039
0.001216
0.000103
-0.000852
0.001016
0.005312
0.010389
0.015014
0.009494
0.001624
-0.005858
-0.014838
-0.016345
-0.007959
0.001166
0.010996
0.021451
0.018251
0.007244
-0.003680
-0.010391
-0.007055
-0.000406
0.006424
0.008541
0.002365
-0.004264
-0.007449
-0.008271
-0.006315
-0.001385
0.006227
0.013725
0.012275
0.005985
-0.000088
-0.007089
-0.010116
-0.006024
0.001591
0.007547
0.005568
-0.000552
-0.000774
0.001427
0.003297
0.004680
0.006406
0.008073
0.008152
0.005520
0.002879
0.001167
0.000282
-0.001210
-0.004470
-0.005541
-0.001751
0.002330
0.006355
0.004399
-0.000496
-0.005895
-0.011637
-0.012091
-0.003576
0.006040
0.015659
0.015011
0.007023
0.000770
0.007299
0.008912
-0.003199
-0.015573
-0.017862
-0.005067
0.008389
0.005113
-0.007017
-0.018312
-0.015919
-0.005752
0.003713
0.010115
0.013557
0.009283
0.003356
-0.000571
-0.003587
-0.013763
-0.018759
-0.007950
0.004095
0.016320
0.018058
0.003787
-0.001808
-0.001132
-0.002239
-0.004597
-0.008271
-0.003409
0.002951
-0.002208
-0.010776
-0.013356
0.001941
0.018040
0.011707
-0.004463
-0.022299
-0.041027
-0.031069
-0.001563
0.025901
0.021769
-0.001837
-0.016105
-0.009167
0.001542
0.009153
0.005922
-0.008810
-0.020749
-0.019378
-0.007807
0.003617
0.016288
0.002754
-0.014553
-0.024211
-0.014261
-0.002309
0.000085
-0.004860
-0.010748
-0.016941
-0.014854
-0.006901
-0.000007
-0.004631
-0.010397
-0.015726
-0.021850
-0.022337
-0.022017
-0.026831
-0.032613
-0.038503
-0.046211
-0.053250
-0.037875
-0.018691
-0.001337
0.022619
0.043212
0.015723
-0.018957
-0.032163
-0.042087
-0.045825
-0.042300
-0.039214
-0.046210
-0.051222
-0.034693
-0.013551
0.003793
0.008873
0.003287
-0.000727
-0.004302
0.003276
0.011858
0.022221
0.014562
-0.012876
-0.029724
-0.003599
0.027425
0.054742
0.053296
0.037588
0.024111
0.024645
0.036800
0.046634
0.034499
0.017380
0.010405
0.025366
0.045513
0.053632
0.045879
0.035041
0.029219
0.020466
0.013239
0.004482
-0.003253
-0.004547
0.003889
0.012451
0.017271
0.010107
0.003696
0.012966
0.029509
0.046029
0.050650
0.021400
-0.009812
-0.022801
-0.018857
-0.013627
-0.008271
-0.014718
-0.026580
-0.038098
-0.044154
-0.044231
-0.043576
-0.045130
-0.047558
-0.051399
-0.034816
0.005720
0.044916
0.053896
0.060035
0.056261
0.043617
0.031468
0.024315
0.032314
0.040734
0.036399
0.027977
0.024691
0.029952
0.036562
0.042157
0.042923
0.041222
0.040905
0.038926
0.027796
0.015008
0.002356
-0.011128
-0.010071
-0.004475
-0.006255
-0.009821
-0.012648
-0.016271
-0.019278
-0.022637
-0.031766
-0.040938
-0.032747
-0.018430
-0.004089
0.010688
0.013393
0.014213
0.016298
0.016841
0.018001
0.019535
0.016907
0.003442
-0.011398
-0.020175
-0.016846
-0.012202
-0.011929
-0.012819
-0.005062
0.006469
0.016288
0.027939
0.040841
0.043313
0.021381
-0.001303
-0.013826
-0.025837
-0.021919
-0.008721
0.003348
0.010115
-0.000894
-0.014778
-0.027122
-0.015036
0.002995
0.014219
0.003034
-0.011553
-0.011562
-0.009639
-0.007400
-0.011890
-0.019153
-0.018948
-0.004696
0.000791
-0.000073
0.012284
0.024447
0.016443
0.001631
0.000812
0.009676
0.014987
-0.002147
-0.022642
-0.039839
-0.043464
-0.043890
-0.046627
-0.047640
-0.045831
-0.035158
-0.024430
-0.013688
-0.002430
0.009431
0.017992
0.020363
0.022996
0.024210
0.012979
0.000431
-0.010720
-0.022951
-0.036588
-0.049638
-0.044092
-0.029555
-0.017645
-0.019515
-0.022403
-0.015902
-0.020875
-0.030461
-0.039695
-0.047404
-0.043511
-0.037915
-0.032808
-0.026296
-0.029631
-0.039818
-0.050565
-0.061617
-0.070554
-0.072476
-0.073839
-0.075780
-0.077742
-0.075023
-0.062332
-0.048679
-0.034898
-0.021530
-0.018503
-0.016806
-0.014443
-0.012311
-0.010193
-0.015989
-0.027392
-0.038908
-0.052850
-0.062921
-0.048034
-0.029418
-0.014069
0.004596
0.024045
0.041009
0.036518
0.029948
0.028512
0.030969
0.034343
0.037612
0.035198
0.027748
0.019946
0.011973
0.007142
0.004567
-0.004531
-0.014893
-0.024926
-0.035756
-0.044237
-0.046414
-0.048246
-0.051583
-0.051902
-0.037697
-0.021322
-0.006747
0.009394
0.026251
0.043308
0.045944
0.037644
0.029150
0.020528
0.010985
0.000945
-0.008991
-0.009790
-0.003446
0.002793
0.010376
0.016932
0.013816
0.010124
0.020067
0.032546
0.043978
0.056557
0.069282
0.082339
0.093296
0.097755
0.099021
0.094952
0.089422
0.087611
0.086565
0.084970
0.079607
0.073151
0.067168
0.072628
0.081658
0.089269
0.090746
0.090648
0.091452
0.088409
0.081057
0.073373
0.065745
0.057240
0.052787
0.054349
0.056382
0.055899
0.055487
0.055029
0.054613
0.054952
0.055679
0.056712
0.057552
0.054612
0.050603
0.046775
0.042844
0.039959
0.036988
0.033721
0.031437
0.033833
0.037588
0.037454
0.025352
0.011907
-0.000445
-0.015281
-0.027832
-0.029019
-0.028562
-0.029929
-0.026407
-0.018860
-0.009832
-0.001077
0.000827
-0.010122
-0.021467
-0.033714
-0.045005
-0.047058
-0.047100
-0.047221
-0.045659
-0.044112
-0.042346
-0.050764
-0.060730
-0.070407
-0.081482
-0.092534
-0.091379
-0.087236
-0.084885
-0.082098
-0.064879
-0.035096
-0.010706
-0.005329
-0.000935
0.005013
0.006348
0.003962
0.000982
-0.001620
-0.001592
0.000416
0.002297
0.004382
0.006568
0.008538
0.011329
0.015510
0.020036
0.025650
0.030683
0.019432
0.004116
-0.010211
-0.027061
-0.039605
-0.037223
-0.033158
-0.029821
-0.025008
-0.027227
-0.033871
-0.041547
-0.045326
-0.034385
-0.020736
-0.008989
-0.005771
-0.005941
-0.004495
-0.004732
-0.008289
-0.013432
-0.017784
-0.022924
-0.027333
-0.032993
-0.038001
-0.035029
-0.026422
-0.018799
-0.010385
-0.001193
0.007751
0.006693
0.004127
0.002245
0.002472
0.005902
0.009241
0.013443
0.018362
0.011226
-0.010346
-0.032867
-0.049027
-0.056109
-0.059325
-0.058924
-0.056743
-0.055184
-0.053766
-0.052587
-0.039259
-0.018354
0.002151
0.015353
0.024565
0.035354
0.044455
0.038930
0.030816
0.023365
0.014952
0.020206
0.027121
0.033266
0.041226
0.046610
0.043609
0.039549
0.036050
0.031703
0.033127
0.035881
0.038583
0.034719
0.021454
0.008294
0.006126
0.010486
0.015223
0.017570
0.007694
-0.004586
-0.015511
-0.016097
-0.009329
-0.003457
0.004508
0.012018
0.008392
-0.002962
-0.014631
-0.026404
-0.025225
-0.022217
-0.020181
-0.017140
-0.013997
-0.010654
-0.007624
-0.007805
-0.008452
-0.009173
-0.009995
-0.007037
-0.001584
0.004684
0.010482
0.005094
-0.002523
-0.009023
-0.013504
-0.013840
-0.014368
-0.014062
-0.013755
-0.018552
-0.025362
-0.021156
-0.015322
-0.010491
-0.004796
-0.002831
-0.001514
-0.004874
-0.010129
-0.007850
-0.001316
0.004867
0.011498
0.018070
0.025126
0.032625
0.035734
0.027952
0.019146
0.008498
-0.006313
-0.021879
-0.037719
-0.043801
-0.038327
-0.032279
-0.025885
-0.018637
-0.016813
-0.017317
-0.017561
-0.018008
-0.018513
-0.019396
-0.020010
-0.018144
-0.014978
-0.011572
-0.008149
-0.012319
-0.019400
-0.026504
-0.034908
-0.038392
-0.029541
-0.019795
-0.009979
0.001132
0.002830
-0.001736
0.002780
0.008610
0.012482
0.017792
0.023296
0.028615
0.025833
0.021355
0.017480
0.016880
0.021359
0.026706
0.032216
0.029981
0.020290
0.014053
0.016087
0.018625
0.020638
0.023458
0.026181
0.029453
0.028774
0.024077
0.020576
0.027589
0.035308
0.041939
0.051055
0.059077
0.053191
0.039843
0.025965
0.014332
0.025133
0.029965
0.031608
0.037673
0.041660
0.035544
0.024263
0.014401
0.002648
-0.008904
-0.015074
-0.013285
-0.012383
-0.011739
-0.011025
-0.010591
-0.011494
-0.012921
-0.014837
-0.018711
-0.033154
-0.033199
-0.024218
-0.016837
-0.007505
-0.002050
-0.007105
-0.013642
-0.018858
-0.025420
-0.032388
-0.038999
-0.037890
-0.035358
-0.033443
-0.031707
-0.029105
-0.017780
-0.007112
-0.010362
-0.014617
-0.017991
-0.022282
-0.021424
-0.020039
-0.019288
-0.017818
-0.013500
-0.008814
-0.005249
-0.005773
-0.013341
-0.022705
-0.021223
-0.015047
-0.009831
-0.002979
0.003613
0.003074
-0.001165
-0.004514
-0.009281
-0.013752
-0.012444
-0.004685
0.004087
0.011657
0.001829
-0.011588
-0.021282
-0.017003
-0.012593
-0.012503
-0.010165
-0.008742
-0.007925
-0.011816
-0.016112
-0.011477
-0.004021
-0.011137
-0.015022
-0.010544
-0.006594
-0.002567
0.001528
0.000537
0.001734
0.005872
0.009867
0.013774
0.015617
0.016658
0.018034
0.016752
0.012852
0.008471
0.008051
0.013843
0.020999
0.028033
0.029415
0.017390
0.002802
-0.009265
-0.001846
0.008556
0.012462
0.014197
0.015729
0.022900
0.030300
0.034134
0.031701
0.029027
0.026474
0.023331
0.020624
0.015725
0.006701
-0.002971
-0.012324
-0.018518
-0.020952
-0.021663
-0.018586
-0.014947
-0.011634
-0.008071
-0.004233
-0.000311
-0.000246
-0.004541
-0.008857
-0.007295
-0.000236
0.006943
0.014404
0.021030
0.025308
0.029446
0.034169
0.035655
0.032220
0.030353
0.032366
0.034049
0.035925
0.037299
0.038032
0.039431
0.041017
0.032319
0.016351
0.005884
0.005017
0.003840
0.002626
0.009324
0.019133
0.028969
0.031143
0.017272
0.001385
-0.014708
-0.022715
-0.012637
-0.000391
0.011525
0.016409
0.006371
-0.003975
-0.014124
-0.026762
-0.038392
-0.032567
-0.021166
-0.010658
0.002065
0.008867
0.003268
-0.004121
-0.004008
0.007980
0.023100
0.036755
0.033944
0.017356
0.001447
-0.015581
-0.029110
-0.038647
-0.032893
-0.013195
-0.000461
-0.003721
-0.007092
-0.008418
-0.007860
-0.006985
-0.006054
-0.005127
-0.003668
-0.000058
0.003665
-0.003194
-0.018164
-0.032999
-0.040808
-0.042449
-0.044403
-0.041597
-0.029205
-0.016030
-0.003695
0.009180
0.023736
0.037953
0.032317
0.011418
-0.009151
-0.025576
-0.033580
-0.040240
-0.036292
-0.027671
-0.019928
-0.011470
-0.003016
0.006612
0.013789
0.009829
0.004275
0.005238
0.007362
0.003066
-0.011906
-0.019631
-0.011773
-0.002097
0.006678
0.002677
-0.011644
-0.014057
-0.009093
-0.004676
-0.000155
0.005439
0.010844
0.014992
0.015207
0.015557
0.016951
0.016634
0.006380
0.005685
0.015536
0.024618
0.034020
0.039283
0.043905
0.049045
0.053280
0.057786
0.064165
0.063788
0.038169
0.000058
-0.010219
-0.000591
0.007629
0.017624
0.024915
0.024500
0.012351
-0.001703
-0.015918
-0.031825
-0.041767
-0.040283
-0.042397
-0.048843
-0.053877
-0.059373
-0.065184
-0.071084
-0.074747
-0.077308
-0.079110
-0.081250
-0.085173
-0.084769
-0.059452
-0.031303
-0.012637
0.003117
0.015827
0.026031
0.034996
0.036646
0.031169
0.026041
0.021981
0.020043
0.011578
-0.001128
-0.008897
-0.009060
-0.009122
-0.009005
-0.012658
-0.020401
-0.028825
-0.027763
-0.013486
0.002149
0.016709
0.032591
0.049791
0.066743
0.060735
0.041992
0.023493
0.010841
0.005112
-0.006776
-0.016261
-0.004051
0.010276
0.021804
0.028867
0.035575
0.043276
0.042850
0.031176
0.017973
0.006730
0.001779
-0.002485
-0.007842
-0.006834
0.001859
0.011114
0.020271
0.030633
0.035412
0.032140
0.028362
0.025371
0.019958
0.010159
-0.000246
-0.010159
-0.020539
-0.031006
-0.041771
-0.049768
-0.053989
-0.057818
-0.061937
-0.065594
-0.069279
-0.074013
-0.080379
-0.087275
-0.094075
-0.097829
-0.098349
-0.100037
-0.087832
-0.051618
-0.014948
-0.002768
-0.002026
-0.004357
-0.013580
-0.024139
-0.035779
-0.044870
-0.037080
-0.027153
-0.018494
-0.009252
-0.006361
-0.004032
0.003647
0.019242
0.035280
0.051054
0.067505
0.084486
0.101128
0.109042
0.111698
0.106448
0.094413
0.083309
0.071207
0.057222
0.049257
0.062882
0.072832
0.062027
0.050944
0.040413
0.031068
0.034416
0.039531
0.043540
0.043517
0.041965
0.041985
0.041832
0.041603
0.042217
0.045574
0.049623
0.054794
0.054418
0.034396
0.012389
-0.008779
-0.033562
-0.044039
-0.033080
-0.025344
-0.035245
-0.039273
-0.041344
-0.045313
-0.048479
-0.051469
-0.058321
-0.067348
-0.076579
-0.082070
-0.082023
-0.081208
-0.080783
-0.079573
-0.081422
-0.083743
-0.086860
-0.091328
-0.089630
-0.060801
-0.026975
0.002619
0.009860
0.018236
0.035668
0.049981
0.065804
0.081562
0.091660
0.097960
0.107735
0.113872
0.095225
0.072294
0.051019
0.027678
0.021369
0.016061
0.012952
0.021703
0.031521
0.040965
0.052200
0.051936
0.039480
0.026157
0.013142
-0.000814
-0.014474
-0.029999
-0.040515
-0.033544
-0.025090
-0.030781
-0.036174
-0.041181
-0.046699
-0.052842
-0.059321
-0.063079
-0.056477
-0.048872
-0.042078
-0.033758
-0.025730
-0.024490
-0.027364
-0.029674
-0.032702
-0.036429
-0.037949
-0.030766
-0.022574
-0.015187
-0.006962
0.001020
0.009892
0.018163
0.017408
0.015289
0.018500
0.022959
0.028658
0.033931
0.028905
0.018959
0.010187
0.000155
-0.009680
-0.019902
-0.029438
-0.039397
-0.049916
-0.059916
-0.059507
-0.057704
-0.055389
-0.052638
-0.063337
-0.075380
-0.064708
-0.041397
-0.017995
0.003250
0.012242
0.014185
0.004967
-0.007587
-0.018725
-0.027095
-0.029680
-0.032852
-0.031135
-0.024943
-0.018170
-0.011145
-0.003366
-0.005950
-0.013675
-0.020840
-0.013822
0.001721
0.017188
0.033557
0.048579
0.058276
0.067663
0.076854
0.085798
0.096251
0.104258
0.093813
0.081010
0.069992
0.056864
0.044511
0.031972
0.017966
0.005102
0.012409
0.023385
0.031892
0.042824
0.054358
0.065501
0.061184
0.053725
0.048228
0.051733
0.057169
0.062154
0.068319
0.067859
0.061592
0.054612
0.050795
0.053484
0.057578
0.062003
0.061082
0.043057
0.023214
0.012342
0.009793
0.008052
0.005252
0.001687
-0.002854
-0.007072
-0.007845
-0.002766
0.002748
0.005054
-0.002280
-0.010821
-0.015156
-0.009868
-0.002305
0.003691
-0.002400
-0.011351
-0.018702
-0.027613
-0.035996
-0.045291
-0.054298
-0.057046
-0.050897
-0.044456
-0.037686
-0.033644
-0.033889
-0.034925
-0.032369
-0.025221
-0.018485
-0.023368
-0.030007
-0.035392
-0.042107
-0.049165
-0.054096
-0.052797
-0.050591
-0.050298
-0.050121
-0.033903
-0.001910
0.006767
0.007461
0.016681
0.014739
0.009359
0.001963
-0.006554
-0.015669
-0.024561
-0.024156
-0.021916
-0.020135
-0.018126
-0.023198
-0.029074
-0.034824
-0.041052
-0.042012
-0.040429
-0.039613
-0.038099
-0.033340
-0.026877
-0.020826
-0.013955
-0.006789
-0.002513
-0.007018
-0.012650
-0.017804
-0.017942
-0.015302
-0.014483
-0.017056
-0.020564
-0.023734
-0.020818
-0.011589
-0.002028
0.007465
0.014031
0.019753
0.025211
0.021091
0.012290
0.003567
-0.005902
-0.008999
-0.006192
-0.003066
0.000103
0.003444
0.006660
0.014498
0.024599
0.030593
0.029319
0.027502
0.026146
0.023839
0.021789
0.021015
0.021974
0.024338
0.028515
0.032492
0.036659
0.041560
0.045515
0.040692
0.034844
0.029236
0.022883
0.022923
0.027244
0.029033
0.030488
0.032583
0.034571
0.036672
0.034934
0.029765
0.024244
0.018835
0.015528
0.014579
0.013571
0.013264
0.012838
0.006332
-0.006181
-0.019575
-0.033656
-0.035810
-0.024483
-0.014821
-0.022340
-0.031578
-0.038578
-0.047767
-0.057570
-0.067237
-0.061733
-0.049752
-0.038141
-0.024783
-0.011580
-0.010262
-0.013363
-0.015952
-0.015248
-0.006106
0.003801
0.012903
0.022462
0.034536
0.045257
0.030249
0.007726
0.003388
0.002206
-0.000090
-0.001188
-0.002150
-0.003018
-0.000540
0.002388
0.005126
0.007821
0.010393
0.014799
0.017344
0.002199
-0.014394
-0.019016
-0.024200
-0.030098
-0.035176
-0.037898
-0.038509
-0.034502
-0.026137
-0.017275
-0.008682
0.000345
0.009674
0.018897
0.023601
0.025326
0.025955
0.015808
0.001035
-0.013714
-0.028576
-0.029644
-0.029397
-0.030688
-0.030111
-0.022626
-0.014112
-0.006317
0.002320
0.010828
0.017599
0.023320
0.026554
0.031674
0.037571
0.041095
0.041181
0.040898
0.041584
0.041307
0.033743
0.023650
0.014238
0.003465
-0.006927
-0.010418
-0.011134
-0.014754
-0.019024
-0.019128
-0.014959
-0.011126
-0.006687
-0.002093
-0.001360
-0.003465
-0.004353
-0.007549
-0.022333
-0.038624
-0.045065
-0.044378
-0.042426
-0.038103
-0.036203
-0.039516
-0.044549
-0.050519
-0.055671
-0.061578
-0.068360
-0.074258
-0.063807
-0.051345
-0.040455
-0.028722
-0.017643
-0.006482
0.004410
0.015286
0.026673
0.037950
0.043567
0.044913
0.046454
0.047515
0.048838
0.050051
0.047568
0.038456
0.027998
0.020568
0.026927
0.035278
0.042877
0.051714
0.052673
0.052046
0.052027
0.051330
0.050542
0.049778
0.049777
0.050073
0.050353
0.051107
0.051794
0.047766
0.040410
0.033256
0.025282
0.017202
0.016260
0.020661
0.025020
0.029552
0.033230
0.035691
0.037558
0.032728
0.026001
0.020126
0.013406
0.006442
0.000271
-0.000689
-0.001212
-0.002038
-0.002366
-0.003419
-0.005422
-0.007495
-0.009680
-0.011858
-0.012319
-0.012253
-0.012376
-0.012997
-0.014961
-0.017321
-0.019451
-0.017402
-0.014268
-0.011601
-0.008546
-0.005563
-0.002196
0.001150
-0.000099
-0.005257
-0.009551
-0.010098
-0.010301
-0.011032
-0.011173
-0.010609
-0.009196
-0.007980
-0.006599
-0.005219
-0.003634
-0.003428
-0.004864
-0.006469
-0.008122
-0.010210
-0.009178
-0.004000
0.001972
0.007942
0.009725
0.002986
-0.004445
-0.005158
0.004337
0.014788
0.019556
0.016786
0.013539
0.012113
0.012433
0.013122
0.013663
0.014399
0.015262
0.016021
0.016583
0.017231
0.020944
0.026191
0.030617
0.027453
0.022349
0.018179
0.012323
0.007119
0.009370
0.012259
0.005793
-0.000876
-0.006793
-0.013713
-0.020876
-0.025136
-0.024959
-0.024325
-0.024067
-0.025390
-0.027437
-0.028898
-0.028943
-0.028760
-0.028836
-0.028585
-0.028121
-0.028330
-0.033069
-0.036288
-0.035584
-0.035062
-0.034730
-0.035595
-0.037040
-0.037033
-0.034769
-0.032495
-0.032629
-0.034529
-0.036742
-0.038410
-0.036675
-0.034285
-0.032138
-0.030531
-0.030992
-0.031440
-0.028865
-0.023938
-0.019122
-0.013985
-0.008580
-0.005492
-0.006205
-0.007074
-0.008151
-0.009901
-0.011966
-0.014077
-0.013288
-0.008030
-0.002546
0.003007
0.009110
0.012947
0.013307
0.013455
0.013770
0.013565
0.013564
0.015286
0.017466
0.019211
0.021549
0.023991
0.023337
0.017578
0.011107
0.005032
0.002750
0.002735
0.002737
0.005744
0.009841
0.013835
0.015757
0.013802
0.011680
0.009456
0.006941
0.005580
0.006293
0.007083
0.006414
0.005231
0.006344
0.008205
0.009747
0.009018
0.006985
0.005022
0.002593
0.000433
0.000702
-0.000158
-0.003950
-0.006225
-0.007414
-0.009272
-0.011307
-0.008885
0.000521
0.010249
0.020377
0.030010
0.031134
0.022652
0.013759
0.004710
-0.005560
-0.011218
-0.009587
-0.007416
-0.005653
-0.003094
-0.000739
0.001703
0.004027
0.006477
0.008800
0.011109
0.013388
0.015522
0.017604
0.021652
0.026544
0.027616
0.026521
0.026054
0.024895
0.018447
0.011117
0.004093
-0.003801
-0.006768
-0.004434
-0.001741
0.000911
0.004264
0.004934
0.002973
0.000729
-0.001583
-0.004139
-0.003415
-0.002095
-0.001731
-0.006279
-0.008851
-0.011295
-0.013964
-0.015544
-0.017001
-0.018645
-0.019800
-0.019647
-0.019363
-0.019428
-0.019201
-0.016985
-0.013349
-0.009694
-0.006639
-0.006379
-0.006104
-0.005883
-0.008497
-0.011597
-0.014280
-0.017333
-0.020341
-0.022787
-0.022408
-0.021642
-0.020983
-0.020975
-0.021891
-0.022831
-0.023712
-0.024770
-0.024667
-0.023453
-0.022045
-0.020695
-0.020209
-0.020442
-0.018590
-0.015196
-0.011929
-0.011922
-0.014227
-0.016184
-0.013962
-0.011165
-0.008972
-0.006275
-0.003409
-0.000776
-0.002003
-0.003781
-0.005115
-0.006958
-0.008721
-0.008823
-0.006878
-0.005005
-0.003034
-0.000910
0.000486
0.000043
-0.000518
-0.000960
-0.001539
-0.002111
-0.002566
-0.003018
-0.003485
-0.004011
-0.003418
-0.001508
0.000533
0.002396
0.004366
0.006357
0.007728
0.007641
0.007459
0.007342
0.007136
0.006966
0.006680
0.006516
0.007676
0.009038
0.010196
0.011495
0.012715
0.013676
0.014449
0.016245
0.018418
0.020420
0.022386
0.024253
0.026064
0.027669
0.028771
0.029744
0.030029
0.028588
0.027037
0.025553
0.024036
0.022587
0.021015
0.019596
0.019416
0.019756
0.019904
0.020081
0.020237
0.020335
0.020356
0.020267
0.019821
0.019258
0.018642
0.017990
0.017244
0.016499
0.015771
0.015012
0.013731
0.011989
0.010351
0.008741
0.007186
0.005838
0.004976
0.004302
0.003421
0.000950
-0.001537
-0.003557
-0.005578
-0.007299
-0.008784
-0.009908
-0.010874
-0.011640
-0.012257
-0.012760
-0.013080
-0.012675
-0.012144
-0.011658
-0.011104
-0.010566
-0.010033
-0.009511
-0.008989
-0.008469
-0.007977
-0.007499
-0.006880
-0.006122
-0.005433
-0.004821
-0.004271
-0.003903
-0.003628
-0.003363
-0.003132
-0.002926
-0.002711
-0.002451
-0.002227
-0.002043
-0.001887
-0.001760
-0.001660
-0.001583
-0.001522
-0.001479
-0.001481
-0.001498
-0.001508
-0.001516
-0.001520
-0.001521
-0.001524
-0.001526
-0.001521
-0.001505
-0.001485
-0.001468
-0.001451
-0.001435
-0.001421
-0.001409
-0.001395
-0.001379
-0.001363
-0.001345
-0.001325
-0.001306
-0.001286
-0.001266
-0.001246
-0.001225
-0.001204
-0.001182
-0.001160
-0.001138
-0.001114
-0.001091
-0.001067
-0.001042
-0.001017
-0.000992
-0.000966
-0.000940
-0.000913
-0.000886
-0.000858
-0.000831
-0.000802
