0.000000
-0.001136
-0.002258
-0.003334
-0.004285
-0.004978
-0.005343
-0.005445
-0.005416
-0.005442
-0.005639
-0.006008
-0.006573
-0.007427
-0.008624
-0.010250
-0.012799
-0.017002
-0.023409
-0.032288
-0.043425
-0.055919
-0.068380
-0.079242
-0.087612
-0.093595
-0.096916
-0.097035
-0.094425
-0.090008
-0.084414
-0.078039
-0.071131
-0.064409
-0.059178
-0.056135
-0.055331
-0.057028
-0.060673
-0.063602
-0.063142
-0.058543
-0.050303
-0.041252
-0.034871
-0.032611
-0.034723
-0.041655
-0.051397
-0.056517
-0.050028
-0.030095
0.001348
0.039736
0.077074
0.105589
0.123684
0.133737
0.135854
0.129534
0.116213
0.097759
0.074253
0.044405
0.007832
-0.034944
-0.079399
-0.117157
-0.144508
-0.164723
-0.187064
-0.220540
-0.264973
-0.319205
-0.382373
-0.443752
-0.486952
-0.498038
-0.473627
-0.423782
-0.367926
-0.318780
-0.278494
-0.250334
-0.235927
-0.236447
-0.253856
-0.289360
-0.342477
-0.402823
-0.448739
-0.449608
-0.388767
-0.258262
-0.070916
0.126735
0.295118
0.399184
0.420079
0.357964
0.217702
0.041874
-0.115769
-0.241212
-0.338921
-0.424422
-0.533492
-0.671381
-0.815961
-0.949556
-1.033533
-1.044313
-0.986235
-0.864391
-0.704820
-0.545578
-0.402146
-0.265701
-0.116057
0.069683
0.299679
0.558373
0.812689
1.016804
1.150005
1.237017
1.319945
1.444660
1.659564
1.975747
2.353609
2.741272
3.093113
3.370758
3.539650
3.583095
3.516428
3.365786
3.172405
2.958538
2.704572
2.403182
2.060174
1.681667
1.294329
0.932712
0.615505
0.351281
0.140508
-0.019381
-0.127840
-0.170096
-0.129724
0.000509
0.223953
0.528149
0.869301
1.194533
1.454978
1.607721
1.622849
1.465549
1.139963
0.702947
0.213019
-0.250932
-0.623754
-0.913255
-1.147480
-1.349841
-1.525766
-1.659372
-1.739190
-1.744637
-1.660913
-1.504456
-1.337800
-1.221793
-1.156698
-1.122622
-1.110633
-1.122397
-1.162419
-1.231634
-1.331843
-1.450903
-1.537481
-1.509136
-1.313782
-0.959483
-0.467849
0.110608
0.673839
1.153154
1.488644
1.568538
1.364807
1.033664
0.716992
0.452836
0.277972
0.208134
0.248610
0.387981
0.577639
0.789882
1.025304
1.256191
1.415630
1.465563
1.403641
1.252618
1.093440
0.994331
0.962350
0.984335
1.029781
1.044088
0.974009
0.813899
0.590585
0.349750
0.155039
0.075113
0.149513
0.359185
0.663141
0.997581
1.305343
1.550182
1.687254
1.684737
1.547030
1.276673
0.854036
0.277694
-0.381166
-0.982794
-1.379968
-1.470025
-1.282762
-0.897494
-0.352596
0.252643
0.835804
1.379509
1.824387
2.086827
2.144717
2.034329
1.790146
1.484533
1.194973
0.907757
0.586705
0.197842
-0.302030
-0.889702
-1.495568
-2.048226
-2.426018
-2.532782
-2.363310
-2.031703
-1.664459
-1.303964
-1.050536
-1.020827
-1.167374
-1.336157
-1.400231
-1.271875
-0.995841
-0.728486
-0.544327
-0.433076
-0.358678
-0.254541
-0.088129
0.132593
0.383684
0.538674
0.390332
0.026947
-0.104439
0.122365
0.368082
0.309845
-0.125997
-0.642430
-0.985752
-1.166244
-1.185606
-1.073972
-0.846153
-0.529790
-0.257785
-0.093478
0.007281
0.078289
0.144807
0.213430
0.265197
0.300320
0.325326
0.343869
0.363500
0.394812
0.443500
0.508594
0.592547
0.673872
0.667520
0.476694
0.092464
-0.416110
-0.958027
-1.445924
-1.782406
-1.896368
-1.811034
-1.587081
-1.261639
-0.899996
-0.605632
-0.484003
-0.571531
-0.785903
-1.008347
-1.171448
-1.264371
-1.294187
-1.265297
-1.197762
-1.126581
-1.059655
-0.989394
-0.913070
-0.820598
-0.702416
-0.575314
-0.491494
-0.524206
-0.681343
-0.885167
-1.086808
-1.255523
-1.304841
-1.173128
-0.887399
-0.518685
-0.139172
0.176847
0.353073
0.385376
0.329602
0.257978
0.223035
0.204836
0.167071
0.045606
-0.247421
-0.689705
-1.178898
-1.654926
-2.088574
-2.415596
-2.543251
-2.458560
-2.227142
-1.928941
-1.619217
-1.326860
-1.072602
-0.853154
-0.644227
-0.416512
-0.172340
0.043080
0.148769
0.107350
-0.062224
-0.349317
-0.680983
-0.959624
-1.162730
-1.305204
-1.417184
-1.525773
-1.618196
-1.677712
-1.712085
-1.724308
-1.707451
-1.652831
-1.551956
-1.402661
-1.225311
-1.064064
-0.959461
-0.914789
-0.916683
-0.959237
-1.021423
-1.098317
-1.203344
-1.334062
-1.484732
-1.650567
-1.820896
-1.970955
-2.032860
-1.887127
-1.531114
-1.084622
-0.616166
-0.153992
0.236840
0.435702
0.401179
0.171867
-0.181147
-0.580335
-0.978141
-1.281689
-1.392303
-1.300194
-1.038506
-0.673111
-0.269269
0.148990
0.506338
0.695462
0.704720
0.580940
0.311730
-0.086009
-0.516471
-0.925084
-1.327758
-1.725739
-2.101560
-2.445656
-2.732357
-2.896159
-2.897904
-2.758393
-2.517475
-2.243529
-2.002622
-1.818868
-1.668788
-1.514469
-1.329338
-1.083455
-0.767142
-0.381715
0.066989
0.541848
0.990553
1.383995
1.726338
2.022450
2.264593
2.440581
2.526587
2.513911
2.419373
2.269892
2.108233
1.952298
1.785459
1.605388
1.422898
1.240488
1.053319
0.868509
0.727121
0.678022
0.728836
0.866706
1.085604
1.355609
1.637466
1.885771
2.045943
2.112053
2.099862
2.025441
1.945029
1.895001
1.856079
1.819109
1.790314
1.755912
1.701604
1.610600
1.446718
1.195058
0.867702
0.463951
-0.027782
-0.590132
-1.149906
-1.621426
-1.918621
-1.978109
-1.803236
-1.469643
-1.033006
-0.533965
-0.053651
0.362808
0.716001
1.048704
1.398278
1.781117
2.203640
2.662357
3.162237
3.674894
4.102500
4.357061
4.452128
4.466100
4.462828
4.489670
4.613735
4.844358
5.118081
5.362398
5.483349
5.420062
5.147073
4.684618
4.138526
3.587702
3.053102
2.547387
2.077728
1.658623
1.303018
1.011255
0.780138
0.614162
0.526704
0.513535
0.526814
0.513157
0.467174
0.405354
0.345506
0.338652
0.438322
0.638307
0.900160
1.175493
1.413795
1.565606
1.599319
1.512963
1.294954
0.950154
0.524319
0.072112
-0.363070
-0.714119
-0.911158
-0.977200
-0.992067
-0.988702
-0.982488
-0.994998
-1.027154
-1.076070
-1.121216
-1.103276
-0.981150
-0.768363
-0.523564
-0.305203
-0.145837
-0.050168
-0.007380
-0.030774
-0.124443
-0.252518
-0.380646
-0.504567
-0.621006
-0.720913
-0.800747
-0.856266
-0.865324
-0.778060
-0.570120
-0.264665
0.092742
0.456535
0.755970
0.911728
0.947492
0.958687
1.004133
1.131920
1.402671
1.791767
2.212860
2.607810
2.931570
3.117987
3.117894
2.906231
2.460328
1.816041
1.047322
0.228093
-0.575244
-1.312251
-1.964784
-2.523216
-2.956168
-3.220533
-3.300938
-3.235878
-3.050156
-2.775356
-2.481852
-2.222590
-2.037848
-1.941549
-1.889111
-1.818785
-1.673874
-1.386550
-0.944157
-0.403892
0.151109
0.637414
0.975272
1.126619
1.111359
0.950264
0.702408
0.454700
0.261152
0.137141
0.062978
-0.005388
-0.097100
-0.212717
-0.354100
-0.532093
-0.733950
-0.907687
-1.019564
-1.090544
-1.146075
-1.200881
-1.270051
-1.373159
-1.518393
-1.684103
-1.832053
-1.923229
-1.943784
-1.912848
-1.860450
-1.799035
-1.741428
-1.709306
-1.701389
-1.710574
-1.735026
-1.772233
-1.822239
-1.891586
-1.988527
-2.111184
-2.258294
-2.435171
-2.639605
-2.862294
-3.078487
-3.243118
-3.321915
-3.311069
-3.190633
-2.943277
-2.602137
-2.217347
-1.820419
-1.438306
-1.120753
-0.913108
-0.797928
-0.735329
-0.712584
-0.715373
-0.742561
-0.795900
-0.871131
-0.974399
-1.110228
-1.254630
-1.372973
-1.455447
-1.498985
-1.500515
-1.461690
-1.379027
-1.250137
-1.076159
-0.858486
-0.592763
-0.270296
0.093473
0.452778
0.758145
0.978069
1.112354
1.167030
1.140276
1.030039
0.844483
0.615674
0.360164
0.084373
-0.195305
-0.466073
-0.688056
-0.811662
-0.845728
-0.822141
-0.747970
-0.650409
-0.557338
-0.465540
-0.372533
-0.283738
-0.197255
-0.108138
-0.042255
-0.063457
-0.197035
-0.418134
-0.696767
-1.012337
-1.334657
-1.603384
-1.776143
-1.857641
-1.870659
-1.823076
-1.739806
-1.664098
-1.626955
-1.633830
-1.672811
-1.739507
-1.824491
-1.918203
-2.011957
-2.091549
-2.147675
-2.162879
-2.115825
-1.977949
-1.727533
-1.389351
-1.012566
-0.634845
-0.283218
0.024891
0.293108
0.528043
0.729631
0.894626
1.020731
1.110396
1.158315
1.151535
1.090175
0.981990
0.828647
0.635343
0.411561
0.169861
-0.081901
-0.327570
-0.536217
-0.695538
-0.812445
-0.878221
-0.876119
-0.839401
-0.824977
-0.838933
-0.863824
-0.881974
-0.861798
-0.800291
-0.707085
-0.582177
-0.452235
-0.342076
-0.257813
-0.200977
-0.170133
-0.167500
-0.194980
-0.250575
-0.330752
-0.427440
-0.520234
-0.585374
-0.600306
-0.561299
-0.474276
-0.344790
-0.222030
-0.156969
-0.147262
-0.182916
-0.281447
-0.443044
-0.623887
-0.788560
-0.933504
-1.055037
-1.148172
-1.212829
-1.245993
-1.246173
-1.213718
-1.148169
-1.048882
-0.920905
-0.778194
-0.632048
-0.484205
-0.332673
-0.177369
-0.020380
0.137649
0.296130
0.453746
0.615129
0.794674
0.993590
1.198730
1.398231
1.573706
1.689917
1.725137
1.678674
1.547771
1.345783
1.086754
0.796744
0.531762
0.315489
0.143061
0.023504
-0.038165
-0.044813
0.000153
0.089383
0.212612
0.354388
0.501311
0.634729
0.737544
0.800015
0.810716
0.778550
0.724614
0.662170
0.598593
0.539749
0.482911
0.416031
0.329067
0.215345
0.067959
-0.111713
-0.312184
-0.519019
-0.725795
-0.931085
-1.132271
-1.329968
-1.524853
-1.717797
-1.894838
-2.022654
-2.097414
-2.136321
-2.133201
-2.084159
-2.014801
-1.969293
-1.960477
-1.974249
-2.017510
-2.100863
-2.211871
-2.337045
-2.461109
-2.560302
-2.621428
-2.639822
-2.620826
-2.584325
-2.554050
-2.541773
-2.558196
-2.613956
-2.703541
-2.811594
-2.928256
-3.044518
-3.140751
-3.199860
-3.198208
-3.129472
-3.004081
-2.811895
-2.555661
-2.273304
-2.007797
-1.787674
-1.615619
-1.485972
-1.409390
-1.370922
-1.332270
-1.276769
-1.192245
-1.065530
-0.886061
-0.649257
-0.365133
-0.039800
0.332495
0.747047
1.160710
1.541186
1.901013
2.249185
2.581358
2.906945
3.232377
3.551740
3.864618
4.174874
4.481481
4.771550
5.025453
5.242645
5.431272
5.585896
5.705487
5.802965
5.891213
5.984347
6.085828
6.187045
6.288699
6.391479
6.490189
6.579336
6.655543
6.718575
6.769903
6.808655
6.834100
6.845759
6.842631
6.827720
6.811704
6.798688
6.784091
6.770040
6.759606
6.745515
6.713163
6.647038
6.547359
6.419052
6.251858
6.049873
5.835956
5.631117
5.446393
5.296471
5.186905
5.108109
5.057245
5.025050
4.993404
4.951217
4.885087
4.782700
4.644638
4.479571
4.302721
4.144156
4.036653
3.981756
3.969847
3.983715
3.992609
3.983880
3.965907
3.944814
3.924252
3.905234
3.884254
3.863172
3.840637
3.803009
3.744062
3.670139
3.582007
3.476810
3.353683
3.212928
3.054910
2.879973
2.688359
2.480438
2.256791
2.015438
1.752405
1.477813
1.225102
1.000336
0.787204
0.593607
0.418251
0.230383
0.022094
-0.189916
-0.402659
-0.607593
-0.793497
-0.949566
-1.074223
-1.178187
-1.266306
-1.339731
-1.396333
-1.435286
-1.458579
-1.467389
-1.460569
-1.435590
-1.398275
-1.371898
-1.370616
-1.395236
-1.449106
-1.528795
-1.626282
-1.736652
-1.854749
-1.971180
-2.079504
-2.169910
-2.234827
-2.272546
-2.278166
-2.250278
-2.193736
-2.113820
-2.018477
-1.914583
-1.803847
-1.686669
-1.562285
-1.432210
-1.298921
-1.165725
-1.036600
-0.920087
-0.834124
-0.781904
-0.754204
-0.753286
-0.782782
-0.842831
-0.933406
-1.053977
-1.198601
-1.354008
-1.500293
-1.616667
-1.699597
-1.756158
-1.786584
-1.791332
-1.776513
-1.746561
-1.699867
-1.635366
-1.554491
-1.457443
-1.345019
-1.223743
-1.104492
-1.002442
-0.924666
-0.869976
-0.840085
-0.835691
-0.857416
-0.903690
-0.971312
-1.051639
-1.127904
-1.180398
-1.209179
-1.220805
-1.200082
-1.145430
-1.086578
-1.051664
-1.049841
-1.084028
-1.157016
-1.267005
-1.391089
-1.486250
-1.533287
-1.542282
-1.510751
-1.434123
-1.327104
-1.202691
-1.069299
-0.934292
-0.804292
-0.691149
-0.597421
-0.518392
-0.455883
-0.412185
-0.387160
-0.380047
-0.391801
-0.426426
-0.485571
-0.567354
-0.671480
-0.799131
-0.950900
-1.123478
-1.307725
-1.494433
-1.677690
-1.856945
-2.030512
-2.191166
-2.329338
-2.434043
-2.505521
-2.548464
-2.560127
-2.539661
-2.492827
-2.424952
-2.341204
-2.244262
-2.131244
-2.002977
-1.863166
-1.716332
-1.571448
-1.445696
-1.345407
-1.264270
-1.206476
-1.174070
-1.151449
-1.127386
-1.101892
-1.075324
-1.048614
-1.019838
-0.985560
-0.942343
-0.890815
-0.830855
-0.756017
-0.669446
-0.589793
-0.532831
-0.507725
-0.512705
-0.534505
-0.562140
-0.587850
-0.607676
-0.623047
-0.635864
-0.643888
-0.638755
-0.611724
-0.564402
-0.500805
-0.418932
-0.316088
-0.194491
-0.065649
0.059067
0.173986
0.277787
0.372362
0.456639
0.528748
0.588483
0.636355
0.672054
0.693308
0.699167
0.694269
0.686566
0.685981
0.695734
0.708465
0.711806
0.702264
0.685866
0.659683
0.619548
0.573069
0.528183
0.486531
0.447629
0.409766
0.373273
0.342696
0.329171
0.334748
0.353418
0.386460
0.434956
0.494570
0.561277
0.632984
0.707230
0.781002
0.851136
0.916854
0.975901
1.019506
1.045230
1.057687
1.056074
1.038499
1.006377
0.965973
0.929182
0.905786
0.902736
0.924465
0.969090
1.031918
1.107825
1.188015
1.264260
1.329459
1.373888
1.395517
1.396572
1.375593
1.332956
1.275319
1.205813
1.124207
1.033289
0.934811
0.829801
0.719437
0.610132
0.515270
0.441987
0.386655
0.348025
0.327780
0.319534
0.314112
0.312532
0.318675
0.330770
0.346982
0.367680
0.394014
0.424107
0.450035
0.467921
0.481858
0.497255
0.518331
0.543682
0.570914
0.601644
0.637167
0.674097
0.703065
0.720587
0.730749
0.733612
0.727656
0.714592
0.697514
0.679838
0.663961
0.650494
0.639059
0.631466
0.635023
0.651416
0.677065
0.712524
0.756986
0.804661
0.852301
0.897135
0.932248
0.954457
0.965079
0.964592
0.952013
0.928339
0.896126
0.859062
0.820435
0.783670
0.749758
0.716899
0.685716
0.656938
0.630892
0.608326
0.587333
0.559808
0.520568
0.471371
0.417002
0.364431
0.322676
0.294866
0.277297
0.271387
0.278265
0.291700
0.308382
0.331309
0.360964
0.396072
0.436242
0.481354
0.531409
0.588250
0.655718
0.734731
0.823179
0.917824
1.014221
1.106788
1.191643
1.264125
1.315167
1.342052
1.347799
1.332143
1.293138
1.230211
1.146231
1.049146
0.950452
0.853128
0.752685
0.650093
0.546642
0.437006
0.316644
0.187385
0.050652
-0.094713
-0.249442
-0.413702
-0.587159
-0.767216
-0.948645
-1.124367
-1.287752
-1.433485
-1.561276
-1.673350
-1.768174
-1.844497
-1.902392
-1.941803
-1.962886
-1.968080
-1.962321
-1.951156
-1.937361
-1.919593
-1.897149
-1.871285
-1.842637
-1.811147
-1.776653
-1.738777
-1.697185
-1.652237
-1.603049
-1.545598
-1.478506
-1.403155
-1.316734
-1.216729
-1.108708
-0.999775
-0.898886
-0.813554
-0.745720
-0.695927
-0.663437
-0.649519
-0.654989
-0.680149
-0.725428
-0.787409
-0.855726
-0.920169
-0.978093
-1.031584
-1.080560
-1.123490
-1.164798
-1.210821
-1.260757
-1.312054
-1.366053
-1.422459
-1.475803
-1.516576
-1.541914
-1.555697
-1.557865
-1.546647
-1.521600
-1.482090
-1.428025
-1.365430
-1.305547
-1.249064
-1.190804
-1.132274
-1.072594
-1.006491
-0.933574
-0.855100
-0.767873
-0.675610
-0.590077
-0.512180
-0.436161
-0.363232
-0.295555
-0.233226
-0.175774
-0.123091
-0.075833
-0.034113
0.005921
0.051134
0.101618
0.154901
0.214498
0.279621
0.341469
0.393555
0.432876
0.459559
0.477481
0.489871
0.495969
0.493731
0.484429
0.469567
0.450842
0.432344
0.419535
0.419848
0.436041
0.465156
0.507538
0.564694
0.635351
0.716894
0.806781
0.904613
1.009843
1.117266
1.219020
1.303701
1.367111
1.413822
1.443148
1.454726
1.456816
1.458612
1.465340
1.478186
1.495712
1.519359
1.548623
1.576634
1.600372
1.622740
1.643440
1.662659
1.686142
1.716575
1.751249
1.790015
1.833974
1.881519
1.928282
1.967759
1.999146
2.025847
2.046909
2.060914
2.067820
2.067804
2.060981
2.047600
2.027898
2.001804
1.969218
1.930050
1.884451
1.833069
1.775299
1.705999
1.619634
1.518137
1.404996
1.281249
1.149562
1.014232
0.879739
0.748870
0.626305
0.513783
0.408965
0.312563
0.225606
0.148212
0.080570
0.022239
-0.029530
-0.077586
-0.121438
-0.162346
-0.205532
-0.251699
-0.299641
-0.351424
-0.402480
-0.441087
-0.466461
-0.484224
-0.492572
-0.490388
-0.482322
-0.472784
-0.465025
-0.459822
-0.455431
-0.452344
-0.450647
-0.452333
-0.465944
-0.497190
-0.543184
-0.604496
-0.686186
-0.784964
-0.892063
-0.999623
-1.104996
-1.209099
-1.309688
-1.402388
-1.479079
-1.538223
-1.584007
-1.615737
-1.631464
-1.630173
-1.615135
-1.598989
-1.591562
-1.596696
-1.617814
-1.652544
-1.694062
-1.734525
-1.767925
-1.795289
-1.817989
-1.830469
-1.834174
-1.838983
-1.852618
-1.875527
-1.904892
-1.941860
-1.986577
-2.033164
-2.076309
-2.112122
-2.139940
-2.161151
-2.170563
-2.164382
-2.142274
-2.105103
-2.058568
-2.011624
-1.968693
-1.927372
-1.887205
-1.849207
-1.807970
-1.758614
-1.702978
-1.641961
-1.575429
-1.508449
-1.445308
-1.384159
-1.323667
-1.265124
-1.209265
-1.155636
-1.103984
-1.056853
-1.019033
-0.990869
-0.970035
-0.956948
-0.952287
-0.956800
-0.971622
-0.992767
-1.007612
-1.013625
-1.017615
-1.018575
-1.014172
-1.003948
-0.987388
-0.966184
-0.947978
-0.938303
-0.934552
-0.934973
-0.941170
-0.954109
-0.973793
-0.999968
-1.031685
-1.067659
-1.107860
-1.149839
-1.185070
-1.211718
-1.234253
-1.251890
-1.262911
-1.267198
-1.265128
-1.256756
-1.240958
-1.216002
-1.181441
-1.139864
-1.097407
-1.055105
-1.009510
-0.961178
-0.911310
-0.860138
-0.807820
-0.753563
-0.694557
-0.630569
-0.567478
-0.511890
-0.470423
-0.449958
-0.450499
-0.465009
-0.483757
-0.497090
-0.492891
-0.464304
-0.409027
-0.330406
-0.241429
-0.157381
-0.082973
-0.011410
0.056666
0.118516
0.176913
0.233504
0.288612
0.342898
0.390494
0.426139
0.452215
0.470473
0.479692
0.478949
0.467882
0.447142
0.420451
0.391709
0.360205
0.326445
0.295606
0.268736
0.243672
0.220827
0.200992
0.184258
0.170650
0.159957
0.151060
0.143102
0.137345
0.137734
0.146781
0.163053
0.185956
0.216602
0.253633
0.292083
0.328815
0.362122
0.386115
0.394619
0.383113
0.352730
0.310775
0.266779
0.224266
0.182063
0.139252
0.092886
0.042255
-0.012339
-0.069744
-0.125925
-0.175297
-0.212677
-0.238261
-0.257970
-0.278126
-0.303476
-0.335737
-0.372948
-0.411494
-0.448978
-0.483579
-0.514430
-0.542184
-0.568391
-0.594436
-0.619914
-0.641791
-0.660449
-0.679220
-0.698084
-0.715742
-0.732686
-0.751992
-0.777126
-0.807925
-0.841366
-0.874136
-0.904709
-0.931864
-0.953418
-0.970233
-0.985762
-1.002181
-1.022224
-1.050785
-1.088969
-1.134268
-1.185463
-1.241517
-1.299469
-1.357918
-1.416537
-1.473626
-1.528337
-1.579886
-1.626898
-1.667414
-1.698798
-1.718198
-1.722365
-1.711445
-1.689095
-1.657900
-1.618614
-1.570946
-1.516354
-1.458067
-1.396681
-1.333176
-1.274818
-1.226061
-1.186853
-1.158823
-1.143432
-1.140398
-1.144652
-1.147376
-1.141085
-1.124939
-1.101567
-1.071624
-1.036520
-0.999773
-0.964479
-0.933904
-0.910801
-0.895801
-0.887432
-0.884443
-0.887185
-0.893664
-0.899829
-0.900547
-0.895501
-0.888667
-0.881831
-0.873728
-0.859269
-0.838442
-0.816763
-0.797421
-0.780446
-0.763762
-0.748931
-0.736773
-0.718233
-0.688090
-0.649407
-0.602706
-0.548556
-0.491769
-0.438581
-0.398981
-0.377742
-0.372106
-0.380745
-0.397450
-0.410400
-0.413957
-0.409071
-0.393590
-0.367678
-0.336688
-0.306293
-0.279435
-0.257650
-0.241181
-0.228606
-0.217247
-0.205540
-0.194186
-0.180709
-0.161239
-0.137105
-0.110291
-0.080255
-0.050221
-0.024881
-0.002987
0.016905
0.030788
0.036722
0.036455
0.033995
0.037323
0.054358
0.084329
0.123983
0.176081
0.239888
0.306291
0.371445
0.439143
0.507839
0.573475
0.634765
0.688320
0.727350
0.753103
0.771673
0.786018
0.799923
0.818613
0.842994
0.870786
0.902544
0.937546
0.971764
1.001758
1.027225
1.049593
1.069743
1.087976
1.104965
1.120380
1.132054
1.138557
1.139679
1.134870
1.124599
1.111065
1.095084
1.075736
1.052139
1.023377
0.989073
0.949566
0.906834
0.865009
0.828697
0.803284
0.791663
0.793024
0.801543
0.810289
0.817295
0.821545
0.822880
0.824362
0.830309
0.843948
0.865904
0.893870
0.926038
0.959594
0.990048
1.015548
1.036354
1.052314
1.063457
1.069612
1.069825
1.061924
1.044549
1.018755
0.987780
0.954003
0.920566
0.892402
0.871841
0.859340
0.853977
0.853281
0.855050
0.859392
0.869101
0.885505
0.907423
0.933893
0.963164
0.991506
1.015515
1.032135
1.039490
1.038177
1.029824
1.017040
1.003840
0.993395
0.986170
0.982227
0.981966
0.985594
0.991639
0.997147
0.999233
0.995906
0.983824
0.961722
0.930759
0.889840
0.840310
0.787244
0.733522
0.681305
0.635190
0.596761
0.564813
0.538437
0.516698
0.499430
0.486888
0.479065
0.475360
0.474089
0.473363
0.471623
0.466224
0.454871
0.437524
0.417249
0.396923
0.375749
0.351841
0.322502
0.285030
0.238146
0.184098
0.126362
0.067985
0.013495
-0.032666
-0.069990
-0.101575
-0.130743
-0.156850
-0.177137
-0.193190
-0.205120
-0.207606
-0.199661
-0.185348
-0.166557
-0.146443
-0.130563
-0.120282
-0.113151
-0.108419
-0.105140
-0.100881
-0.096324
-0.097343
-0.107076
-0.124376
-0.147174
-0.173526
-0.201149
-0.227250
-0.249323
-0.264242
-0.271800
-0.275676
-0.276654
-0.272331
-0.262775
-0.248998
-0.231383
-0.209944
-0.184984
-0.158504
-0.135550
-0.118939
-0.109633
-0.108290
-0.112392
-0.117988
-0.124306
-0.133186
-0.145314
-0.161826
-0.184212
-0.212205
-0.242991
-0.274403
-0.305837
-0.336788
-0.366811
-0.395159
-0.420148
-0.440984
-0.459959
-0.478208
-0.493449
-0.504717
-0.512513
-0.516827
-0.517044
-0.511638
-0.499520
-0.479893
-0.453046
-0.422380
-0.394119
-0.369080
-0.342522
-0.317288
-0.300632
-0.295178
-0.299677
-0.312656
-0.333711
-0.361159
-0.390832
-0.419089
-0.440966
-0.454124
-0.460109
-0.458481
-0.450041
-0.438319
-0.426712
-0.419505
-0.418428
-0.422547
-0.434343
-0.454244
-0.476803
-0.497847
-0.515633
-0.526588
-0.528623
-0.522528
-0.509723
-0.492700
-0.476517
-0.467724
-0.470212
-0.482161
-0.499943
-0.523048
-0.551721
-0.584462
-0.620371
-0.659100
-0.699999
-0.741434
-0.780235
-0.814914
-0.845628
-0.872510
-0.895701
-0.913653
-0.924005
-0.923911
-0.912335
-0.890609
-0.859499
-0.820718
-0.778174
-0.734722
-0.693594
-0.657526
-0.627872
-0.608092
-0.599541
-0.598324
-0.599409
-0.599166
-0.595012
-0.585581
-0.570048
-0.549455
-0.525850
-0.499029
-0.469276
-0.440816
-0.414455
-0.386277
-0.356217
-0.326400
-0.296585
-0.266235
-0.235182
-0.201790
-0.163855
-0.121259
-0.075383
-0.028711
0.015656
0.052704
0.078815
0.095681
0.106714
0.110852
0.104196
0.089310
0.071576
0.054446
0.037116
0.017298
-0.002432
-0.019776
-0.036056
-0.052032
-0.066054
-0.075704
-0.079799
-0.080157
-0.077191
-0.067710
-0.052138
-0.032821
-0.007725
0.023810
0.056373
0.086551
0.112019
0.127915
0.133557
0.133403
0.129318
0.120089
0.105882
0.087149
0.064993
0.039834
0.012199
-0.015624
-0.042166
-0.068214
-0.094880
-0.122362
-0.148976
-0.172347
-0.191840
-0.206951
-0.215468
-0.217039
-0.212090
-0.197886
-0.176414
-0.159149
-0.148219
-0.136754
-0.125420
-0.116552
-0.109930
-0.103920
-0.095994
-0.084925
-0.070988
-0.054164
-0.034340
-0.011579
0.013875
0.041249
0.069011
0.096250
0.122569
0.148059
0.173388
0.198644
0.224686
0.255021
0.292486
0.338913
0.397742
0.469778
0.550450
0.635373
0.720005
0.799380
0.870011
0.928400
0.971728
0.997961
1.012292
1.019270
1.013387
0.992494
0.962414
0.928223
0.892474
0.859671
0.835121
0.822712
0.821785
0.829015
0.844484
0.867385
0.892352
0.917154
0.943903
0.972534
1.000921
1.024067
1.039192
1.045479
1.039248
1.018219
0.983789
0.938369
0.885226
0.826842
0.765580
0.703143
0.639441
0.576282
0.514415
0.453040
0.392455
0.334517
0.283702
0.242961
0.212193
0.190327
0.175486
0.166409
0.161656
0.157877
0.154393
0.153546
0.155124
0.157191
0.156224
0.150462
0.140470
0.128136
0.115588
0.103007
0.091665
0.083713
0.078082
0.073194
0.070942
0.070921
0.067858
0.057058
0.038005
0.016547
-0.003804
-0.026238
-0.051953
-0.079617
-0.106676
-0.131474
-0.152910
-0.170216
-0.182896
-0.188946
-0.188553
-0.185850
-0.181584
-0.173868
-0.165092
-0.157158
-0.148608
-0.139734
-0.132290
-0.123283
-0.109948
-0.098498
-0.093571
-0.093527
-0.097193
-0.102208
-0.103535
-0.098123
-0.084614
-0.062446
-0.033135
0.001770
0.038890
0.072395
0.101301
0.127719
0.149546
0.166287
0.181838
0.197666
0.212392
0.225891
0.237740
0.246773
0.252574
0.255666
0.255889
0.253288
0.249208
0.244208
0.238145
0.233203
0.233071
0.240291
0.255956
0.281517
0.315824
0.355716
0.401223
0.451306
0.499657
0.542028
0.576598
0.602997
0.623645
0.640027
0.653029
0.663552
0.671088
0.674757
0.676463
0.677072
0.676150
0.676272
0.681174
0.690844
0.702660
0.714389
0.725826
0.738236
0.753425
0.773506
0.801055
0.835589
0.873776
0.914485
0.955778
0.992669
1.023341
1.048660
1.068071
1.082154
1.092325
1.098869
1.101670
1.102079
1.101071
1.098629
1.094862
1.090404
1.085909
1.081377
1.075799
1.067702
1.055716
1.039842
1.020363
0.995773
0.965697
0.931545
0.893846
0.852851
0.809806
0.765461
0.719917
0.673032
0.624843
0.576772
0.529887
0.484660
0.441534
0.400702
0.362134
0.323868
0.281696
0.235729
0.188781
0.138167
0.081997
0.023767
-0.035923
-0.099838
-0.166937
-0.234839
-0.302425
-0.368242
-0.429502
-0.483600
-0.529738
-0.569679
-0.605125
-0.636011
-0.662246
-0.683256
-0.698207
-0.707216
-0.712107
-0.712794
-0.708026
-0.700050
-0.691279
-0.681663
-0.671696
-0.663060
-0.656222
-0.651204
-0.649534
-0.650954
-0.652772
-0.654231
-0.655430
-0.654293
-0.650090
-0.644141
-0.636009
-0.624845
-0.611593
-0.595960
-0.576296
-0.554514
-0.532898
-0.508174
-0.478341
-0.446276
-0.413105
-0.378548
-0.344470
-0.313881
-0.291561
-0.278460
-0.271727
-0.272598
-0.284160
-0.305974
-0.332547
-0.360005
-0.384941
-0.404160
-0.416766
-0.421839
-0.420254
-0.414192
-0.403898
-0.389226
-0.373830
-0.361031
-0.352237
-0.349010
-0.353707
-0.366127
-0.383948
-0.406217
-0.431378
-0.455554
-0.475872
-0.492573
-0.506263
-0.516935
-0.524680
-0.530661
-0.535796
-0.540117
-0.543436
-0.545629
-0.546819
-0.546868
-0.544713
-0.539559
-0.531537
-0.521467
-0.510229
-0.497346
-0.481907
-0.463568
-0.442531
-0.418880
-0.391826
-0.361071
-0.327373
-0.291420
-0.253790
-0.215265
-0.176517
-0.138484
-0.101159
-0.064286
-0.030011
-0.000467
0.022451
0.038169
0.048243
0.054119
0.056682
0.057109
0.056458
0.054727
0.051869
0.048132
0.044391
0.040567
0.036442
0.033908
0.034938
0.041673
0.055232
0.074753
0.099085
0.126909
0.157183
0.189534
0.224394
0.263099
0.306428
0.352710
0.400756
0.449893
0.498493
0.545288
0.588921
0.627971
0.660516
0.685737
0.704742
0.718675
0.727921
0.732719
0.734259
0.732711
0.726925
0.718446
0.710857
0.705494
0.702131
0.700155
0.699207
0.699544
0.702146
0.708043
0.717307
0.729343
0.743146
0.758223
0.774595
0.792148
0.810145
0.826196
0.837402
0.843919
0.849507
0.854771
0.857570
0.859250
0.861250
0.862356
0.861858
0.861067
0.861772
0.862563
0.856725
0.842430
0.823336
0.799636
0.769193
0.730539
0.686657
0.640921
0.593294
0.544593
0.497982
0.455692
0.417563
0.382720
0.350830
0.321920
0.295577
0.272540
0.255684
0.245415
0.238538
0.233267
0.228197
0.220693
0.210065
0.197512
0.184010
0.170588
0.158144
0.147246
0.138485
0.131434
0.125279
0.120539
0.117089
0.113554
0.110358
0.109332
0.111469
0.116735
0.124035
0.131215
0.136059
0.138243
0.137574
0.131753
0.120632
0.105917
0.086657
0.061499
0.030709
-0.003565
-0.038063
-0.070456
-0.099565
-0.124118
-0.144146
-0.161181
-0.176019
-0.188774
-0.200295
-0.212363
-0.225809
-0.239206
-0.251369
-0.262648
-0.272879
-0.281189
-0.286306
-0.288226
-0.289523
-0.292436
-0.298556
-0.310926
-0.331590
-0.359461
-0.390985
-0.421794
-0.448534
-0.470025
-0.484787
-0.492488
-0.494971
-0.493124
-0.488124
-0.482236
-0.475595
-0.466482
-0.455055
-0.443293
-0.434874
-0.431029
-0.430750
-0.433785
-0.439362
-0.445688
-0.449997
-0.451402
-0.454435
-0.463352
-0.476979
-0.493967
-0.514502
-0.538316
-0.563450
-0.585793
-0.603564
-0.617669
-0.629958
-0.642656
-0.655940
-0.669345
-0.682792
-0.696250
-0.708407
-0.716329
-0.719345
-0.718996
-0.716054
-0.711193
-0.704666
-0.695523
-0.682377
-0.666676
-0.650581
-0.633940
-0.616413
-0.598368
-0.580401
-0.562687
-0.545155
-0.528322
-0.512905
-0.498001
-0.482486
-0.467588
-0.454024
-0.440664
-0.427536
-0.416135
-0.408147
-0.402455
-0.395191
-0.385520
-0.373719
-0.357623
-0.337355
-0.316147
-0.295548
-0.275632
-0.256124
-0.235713
-0.213226
-0.189118
-0.162951
-0.130691
-0.091962
-0.050672
-0.005537
0.046465
0.102280
0.157855
0.211483
0.263409
0.315692
0.370214
0.425826
0.477834
0.524298
0.567488
0.611895
0.658855
0.704071
0.743015
0.776750
0.812764
0.849814
0.877917
0.895800
0.906377
0.908506
0.901974
0.890452
0.879776
0.871117
0.861603
0.853227
0.850040
0.852470
0.860337
0.875165
0.895052
0.915868
0.937665
0.961780
0.987067
1.011778
1.035240
1.057820
1.078568
1.094069
1.104930
1.113946
1.118921
1.118794
1.116410
1.112537
1.106245
1.097452
1.085801
1.071272
1.056023
1.040314
1.017988
0.988127
0.958097
0.928729
0.896577
0.861679
0.824955
0.786600
0.746681
0.705874
0.665850
0.627613
0.591878
0.559493
0.529907
0.501476
0.473232
0.444186
0.412506
0.377511
0.339471
0.298656
0.255446
0.210926
0.165408
0.117479
0.067121
0.015864
-0.036128
-0.090186
-0.147587
-0.205118
-0.257673
-0.305370
-0.349667
-0.389424
-0.423520
-0.451986
-0.475856
-0.496297
-0.514330
-0.531005
-0.547220
-0.563526
-0.579963
-0.596472
-0.612081
-0.625534
-0.637090
-0.647185
-0.654639
-0.658026
-0.657383
-0.654986
-0.652294
-0.649061
-0.645486
-0.641514
-0.636274
-0.628578
-0.617025
-0.601814
-0.584247
-0.564488
-0.544668
-0.527621
-0.514491
-0.505590
-0.501275
-0.502025
-0.507137
-0.514491
-0.522952
-0.532258
-0.540778
-0.546929
-0.549363
-0.549434
-0.550005
-0.550426
-0.549701
-0.548958
-0.548294
-0.546155
-0.543043
-0.539556
-0.532231
-0.518732
-0.500252
-0.478921
-0.456104
-0.431738
-0.405930
-0.379261
-0.352029
-0.323522
-0.292058
-0.257556
-0.222063
-0.186422
-0.150560
-0.115201
-0.080840
-0.047964
-0.017550
0.010461
0.036509
0.057875
0.070647
0.079066
0.089690
0.102763
0.116246
0.129201
0.143040
0.159036
0.177396
0.197378
0.217145
0.234641
0.250442
0.269005
0.290170
0.310111
0.329909
0.351306
0.372921
0.391914
0.405559
0.412909
0.414525
0.410511
0.400361
0.384756
0.366694
0.348166
0.329823
0.313374
0.300345
0.290502
0.283408
0.280133
0.280800
0.284679
0.291848
0.302048
0.313844
0.326934
0.341237
0.354588
0.367699
0.386042
0.410102
0.436292
0.464841
0.495956
0.526568
0.553943
0.576806
0.594059
0.606019
0.614507
0.620175
0.622144
0.620219
0.615073
0.608522
0.601100
0.592220
0.582616
0.573353
0.565045
0.557015
0.547866
0.536936
0.523845
0.507877
0.488225
0.464288
0.436135
0.404594
0.370779
0.334655
0.295778
0.255565
0.215559
0.176802
0.140671
0.108927
0.083235
0.064119
0.050558
0.040514
0.031388
0.022892
0.016188
0.010284
0.004371
-0.001481
-0.007246
-0.012969
-0.018921
-0.025300
-0.032318
-0.040368
-0.049413
-0.058576
-0.067255
-0.075362
-0.082812
-0.090123
-0.098793
-0.109333
-0.120718
-0.132305
-0.143474
-0.152410
-0.157806
-0.159742
-0.158883
-0.155985
-0.150942
-0.144202
-0.137176
-0.129788
-0.121535
-0.113993
-0.108271
-0.104367
-0.102991
-0.104358
-0.106610
-0.108853
-0.112483
-0.118232
-0.126325
-0.137375
-0.152442
-0.173914
-0.202510
-0.236100
-0.271944
-0.308627
-0.345774
-0.381917
-0.415429
-0.445651
-0.472415
-0.494849
-0.513223
-0.528366
-0.538706
-0.542364
-0.539203
-0.530802
-0.520132
-0.508766
-0.496957
-0.485726
-0.475590
-0.466633
-0.459515
-0.455195
-0.455317
-0.460343
-0.468937
-0.479088
-0.489568
-0.500757
-0.511971
-0.521446
-0.529722
-0.538109
-0.545689
-0.551095
-0.552978
-0.550053
-0.542023
-0.530477
-0.516596
-0.499893
-0.480798
-0.460598
-0.440437
-0.420765
-0.402031
-0.384227
-0.366672
-0.349141
-0.331462
-0.312967
-0.293507
-0.273450
-0.252552
-0.230768
-0.209002
-0.188104
-0.168615
-0.151098
-0.135410
-0.120427
-0.105734
-0.091772
-0.078483
-0.065542
-0.052039
-0.036928
-0.020396
-0.005666
0.005276
0.015373
0.025364
0.033426
0.041070
0.050193
0.060283
0.071476
0.085284
0.100809
0.113757
0.123425
0.132064
0.139343
0.144507
0.147646
0.148936
0.148336
0.145839
0.141522
0.135259
0.126660
0.116070
0.105308
0.095565
0.087821
0.084829
0.088178
0.096632
0.109298
0.126043
0.145714
0.166241
0.184407
0.199667
0.214249
0.227299
0.237427
0.246029
0.253168
0.257036
0.258901
0.261518
0.264977
0.269122
0.275523
0.284799
0.295932
0.307420
0.318671
0.329943
0.340919
0.351146
0.360404
0.368979
0.377376
0.384868
0.389600
0.390214
0.386975
0.382174
0.376547
0.369813
0.363525
0.357664
0.349452
0.339271
0.330082
0.320449
0.308511
0.296613
0.286536
0.277742
0.269580
0.262156
0.256975
0.254780
0.254527
0.254808
0.254983
0.256245
0.258412
0.257948
0.254231
0.249670
0.245008
0.239788
0.233659
0.227382
0.221305
0.213970
0.205802
0.201329
0.200738
0.199822
0.198632
0.198852
0.200218
0.201723
0.202434
0.202295
0.201555
0.199751
0.196785
0.193420
0.190329
0.187295
0.182821
0.176537
0.170023
0.163953
0.158062
0.152003
0.145889
0.140412
0.135101
0.129045
0.122768
0.116507
0.109375
0.102324
0.097018
0.092191
0.086865
0.083242
0.082618
0.084310
0.088143
0.094170
0.102014
0.111373
0.121558
0.130618
0.135919
0.137782
0.137874
0.135318
0.130053
0.123804
0.117340
0.110696
0.104411
0.099094
0.096114
0.096797
0.102184
0.113561
0.130252
0.148701
0.167862
0.188592
0.208804
0.226484
0.242393
0.257363
0.270342
0.281269
0.290971
0.299315
0.306024
0.311326
0.315002
0.316512
0.316267
0.314393
0.309557
0.302023
0.294075
0.285817
0.275928
0.264337
0.251812
0.239917
0.229592
0.221545
0.216729
0.215182
0.216756
0.221746
0.230565
0.242436
0.256227
0.271827
0.288180
0.301972
0.312914
0.323339
0.332384
0.337849
0.338113
0.333668
0.326600
0.316235
0.301254
0.283442
0.264172
0.243219
0.221402
0.200719
0.183590
0.170582
0.159352
0.148724
0.138771
0.128620
0.118387
0.110152
0.104205
0.097193
0.088089
0.078476
0.069435
0.061330
0.053641
0.046327
0.039472
0.031668
0.021510
0.010008
-0.002509
-0.018427
-0.037748
-0.057850
-0.077002
-0.095024
-0.113229
-0.131550
-0.148633
-0.164909
-0.180894
-0.195073
-0.207362
-0.220236
-0.232993
-0.243117
-0.251669
-0.259998
-0.266890
-0.271204
-0.272711
-0.271425
-0.267777
-0.262676
-0.256374
-0.247676
-0.236679
-0.225063
-0.213458
-0.202358
-0.193902
-0.189202
-0.187454
-0.187833
-0.188993
-0.188901
-0.186671
-0.183290
-0.178389
-0.170073
-0.158903
-0.146891
-0.134551
-0.121495
-0.107484
-0.092496
-0.076337
-0.058688
-0.039489
-0.018873
0.003617
0.028656
0.055149
0.081450
0.108077
0.135835
0.163854
0.190647
0.215315
0.239833
0.266090
0.292107
0.316045
0.337647
0.357109
0.374434
0.388616
0.398946
0.405276
0.407053
0.403833
0.397412
0.390051
0.382632
0.375926
0.370757
0.367052
0.364318
0.363344
0.364755
0.368069
0.373123
0.380410
0.390143
0.401743
0.413659
0.425037
0.435721
0.445280
0.453815
0.461852
0.468666
0.471333
0.470312
0.469917
0.469990
0.467839
0.463823
0.459241
0.454603
0.448822
0.440358
0.429731
0.418376
0.407600
0.397488
0.387091
0.376064
0.365026
0.355998
0.349259
0.342902
0.336743
0.331271
0.325648
0.319903
0.315898
0.314037
0.313454
0.314341
0.316449
0.318192
0.319268
0.320836
0.323236
0.326093
0.328207
0.328428
0.325915
0.320405
0.312851
0.305361
0.299554
0.296478
0.296003
0.296919
0.299744
0.304843
0.310912
0.316668
0.321341
0.325220
0.328550
0.329260
0.326361
0.320773
0.312331
0.300030
0.283510
0.263957
0.243726
0.223794
0.204025
0.184349
0.164469
0.144193
0.123719
0.103845
0.085658
0.069837
0.056108
0.043955
0.032780
0.022075
0.011700
0.001533
-0.008648
-0.019053
-0.029549
-0.039990
-0.050838
-0.062495
-0.074964
-0.088029
-0.101625
-0.115531
-0.129033
-0.141548
-0.152885
-0.162920
-0.171240
-0.178025
-0.183889
-0.188135
-0.189568
-0.188484
-0.185807
-0.182238
-0.177475
-0.170922
-0.163861
-0.157544
-0.151571
-0.145345
-0.138645
-0.131703
-0.125039
-0.118977
-0.113385
-0.107955
-0.103347
-0.100643
-0.099911
-0.100658
-0.102448
-0.105463
-0.110334
-0.117361
-0.126604
-0.137567
-0.149234
-0.161124
-0.174246
-0.188691
-0.201684
-0.212314
-0.222012
-0.231239
-0.239622
-0.246079
-0.250872
-0.256024
-0.262444
-0.269772
-0.277542
-0.285114
-0.291764
-0.297833
-0.304419
-0.311984
-0.320374
-0.328835
-0.336272
-0.341625
-0.344619
-0.345496
-0.343869
-0.338966
-0.330519
-0.319547
-0.307441
-0.295163
-0.282761
-0.269838
-0.256823
-0.244901
-0.235942
-0.229007
-0.220444
-0.210371
-0.199831
-0.186007
-0.168806
-0.152059
-0.135617
-0.117115
-0.097160
-0.076707
-0.055448
-0.033218
-0.010549
0.011404
0.031827
0.050822
0.068642
0.085299
0.100770
0.115494
0.130751
0.147412
0.165601
0.184475
0.203028
0.221830
0.241569
0.261917
0.281258
0.298559
0.314490
0.328831
0.340125
0.348453
0.355166
0.361083
0.366305
0.370625
0.374385
0.379349
0.388649
0.401664
0.412777
0.421628
0.432279
0.445366
0.459398
0.472285
0.483833
0.494980
0.505521
0.515975
0.528224
0.541921
0.555394
0.570641
0.589686
0.611052
0.633300
0.655981
0.678933
0.702096
0.724409
0.744887
0.763393
0.780704
0.797168
0.811388
0.822759
0.831720
0.837585
0.839922
0.839996
0.838331
0.834032
0.826969
0.818024
0.808629
0.799148
0.788829
0.777859
0.766448
0.753661
0.739478
0.725275
0.711178
0.696580
0.681539
0.665831
0.648978
0.631831
0.615708
0.600165
0.584192
0.567455
0.550146
0.532409
0.513620
0.493062
0.470075
0.444989
0.418785
0.391325
0.362432
0.332827
0.303000
0.273190
0.244240
0.216590
0.189974
0.163842
0.137863
0.112863
0.089366
0.066472
0.043866
0.022245
0.002166
-0.016428
-0.034327
-0.051636
-0.067906
-0.083564
-0.099026
-0.113947
-0.128016
-0.141167
-0.153343
-0.164335
-0.173784
-0.182372
-0.191463
-0.200252
-0.207242
-0.212783
-0.217755
-0.222952
-0.228804
-0.235969
-0.245680
-0.257832
-0.271230
-0.285834
-0.301615
-0.316889
-0.330820
-0.343955
-0.356254
-0.367430
-0.377641
-0.387197
-0.396455
-0.405631
-0.414682
-0.423735
-0.433411
-0.444956
-0.458062
-0.471703
-0.487015
-0.504484
-0.522161
-0.538789
-0.554253
-0.568449
-0.581834
-0.595108
-0.607503
-0.617488
-0.625244
-0.631655
-0.637412
-0.642572
-0.646569
-0.649163
-0.651358
-0.655823
-0.662264
-0.667398
-0.670574
-0.673184
-0.676853
-0.681725
-0.686756
-0.691543
-0.695693
-0.698769
-0.701072
-0.702935
-0.702892
-0.699610
-0.693526
-0.685306
-0.675564
-0.665018
-0.653855
-0.641837
-0.629381
-0.617630
-0.606716
-0.595980
-0.585145
-0.574342
-0.563632
-0.552115
-0.538995
-0.525100
-0.510914
-0.495860
-0.480894
-0.467949
-0.457583
-0.448938
-0.441210
-0.434956
-0.430689
-0.427097
-0.423404
-0.419822
-0.415294
-0.408525
-0.400048
-0.390508
-0.379447
-0.367015
-0.353706
-0.339355
-0.324380
-0.311030
-0.300278
-0.291006
-0.281925
-0.272540
-0.263111
-0.253459
-0.243281
-0.232498
-0.222047
-0.214214
-0.209118
-0.205099
-0.202468
-0.202004
-0.203845
-0.207499
-0.212048
-0.216802
-0.221910
-0.228257
-0.235895
-0.243688
-0.250071
-0.254999
-0.260031
-0.264692
-0.267301
-0.267700
-0.266032
-0.261748
-0.254852
-0.246052
-0.235999
-0.225233
-0.214312
-0.203720
-0.194284
-0.186842
-0.181277
-0.177107
-0.174815
-0.174971
-0.175739
-0.175725
-0.176399
-0.177961
-0.178746
-0.178733
-0.178895
-0.179299
-0.178877
-0.176437
-0.173442
-0.171939
-0.171775
-0.172190
-0.172532
-0.172847
-0.173750
-0.176099
-0.180629
-0.187795
-0.197696
-0.210071
-0.224624
-0.240667
-0.257237
-0.274066
-0.290979
-0.306917
-0.321885
-0.336573
-0.349460
-0.358548
-0.364785
-0.369403
-0.372042
-0.372502
-0.370950
-0.367563
-0.362278
-0.354809
-0.345071
-0.333230
-0.319548
-0.304647
-0.289766
-0.275510
-0.261810
-0.248449
-0.235199
-0.222534
-0.210212
-0.197128
-0.183181
-0.168944
-0.154386
-0.138885
-0.121743
-0.103498
-0.085223
-0.067493
-0.050525
-0.034261
-0.018689
-0.003828
0.010123
0.022998
0.035041
0.047086
0.059521
0.071645
0.083240
0.094591
0.104797
0.112629
0.118447
0.123035
0.126428
0.128582
0.129831
0.130945
0.132175
0.133252
0.134187
0.135061
0.135872
0.136912
0.138620
0.140004
0.139373
0.136767
0.133158
0.129530
0.126255
0.123529
0.122401
0.123169
0.125553
0.130337
0.138179
0.147767
0.158010
0.168935
0.180337
0.191903
0.203126
0.213554
0.223104
0.232685
0.243056
0.252622
0.259246
0.262024
0.261689
0.259391
0.254464
0.245963
0.233963
0.219783
0.204927
0.189503
0.173774
0.159120
0.145108
0.130284
0.115493
0.101813
0.088889
0.076261
0.063727
0.050880
0.037326
0.022912
0.007538
-0.008831
-0.025846
-0.042771
-0.058812
-0.074214
-0.089595
-0.103929
-0.116519
-0.128595
-0.140741
-0.152402
-0.163421
-0.174369
-0.186566
-0.199771
-0.212543
-0.225401
-0.239241
-0.253300
-0.266366
-0.277531
-0.287366
-0.297020
-0.306490
-0.315612
-0.324196
-0.331743
-0.338215
-0.344622
-0.351270
-0.357485
-0.363390
-0.369349
-0.375068
-0.380420
-0.385842
-0.391660
-0.397655
-0.403045
-0.407650
-0.412440
-0.418587
-0.426601
-0.435160
-0.442895
-0.449758
-0.456321
-0.463362
-0.471083
-0.479384
-0.488054
-0.496484
-0.503749
-0.509259
-0.512796
-0.514093
-0.513302
-0.510850
-0.506819
-0.501777
-0.497072
-0.493143
-0.489881
-0.487896
-0.487512
-0.488619
-0.491277
-0.495963
-0.503225
-0.511993
-0.519719
-0.526012
-0.531706
-0.536052
-0.538668
-0.540166
-0.540735
-0.540700
-0.541573
-0.543806
-0.546297
-0.548873
-0.551574
-0.553319
-0.553777
-0.553916
-0.553925
-0.553203
-0.551151
-0.547936
-0.544692
-0.542240
-0.540559
-0.539251
-0.538540
-0.539511
-0.542722
-0.547415
-0.551644
-0.554754
-0.557558
-0.559580
-0.560281
-0.560525
-0.560785
-0.560657
-0.560258
-0.559874
-0.559266
-0.558017
-0.555815
-0.552736
-0.549002
-0.544620
-0.539886
-0.535592
-0.532116
-0.528739
-0.524209
-0.519317
-0.516118
-0.513508
-0.509943
-0.506737
-0.504828
-0.503761
-0.502927
-0.502344
-0.503232
-0.505938
-0.509538
-0.513351
-0.517631
-0.523633
-0.530985
-0.538149
-0.545312
-0.553192
-0.561539
-0.569115
-0.574762
-0.578828
-0.581751
-0.582641
-0.580858
-0.576828
-0.571780
-0.566309
-0.559823
-0.553122
-0.547685
-0.542736
-0.537274
-0.531971
-0.527139
-0.522693
-0.519502
-0.517850
-0.516067
-0.513241
-0.509737
-0.505580
-0.500807
-0.495136
-0.487399
-0.476826
-0.465043
-0.453238
-0.439901
-0.424495
-0.408177
-0.391791
-0.375543
-0.358868
-0.341010
-0.321634
-0.301406
-0.281787
-0.264188
-0.247536
-0.229773
-0.211961
-0.195392
-0.179321
-0.162970
-0.146185
-0.128906
-0.111145
-0.093172
-0.075613
-0.059061
-0.043418
-0.028336
-0.013420
0.002035
0.018303
0.034412
0.049766
0.064900
0.079726
0.093493
0.105465
0.115520
0.123878
0.130321
0.134566
0.137050
0.138964
0.141578
0.144331
0.145828
0.146375
0.146620
0.146804
0.147373
0.148379
0.148581
0.147615
0.146943
0.147298
0.148404
0.149935
0.152034
0.155055
0.158655
0.162375
0.166161
0.169649
0.172236
0.174259
0.176349
0.178235
0.179507
0.180116
0.180538
0.181128
0.181498
0.181221
0.179923
0.177181
0.173035
0.168168
0.163047
0.157859
0.152659
0.147282
0.141834
0.136403
0.130928
0.125498
0.120669
0.117067
0.115245
0.114803
0.114815
0.115500
0.116665
0.116654
0.115124
0.112629
0.108383
0.103152
0.100609
0.100978
0.101936
0.104231
0.107078
0.105431
0.099068
0.092401
0.086143
0.078918
0.069805
0.060099
0.051905
0.045306
0.038958
0.030985
0.021408
0.011503
0.001012
-0.010099
-0.020931
-0.031228
-0.040976
-0.049398
-0.056410
-0.062795
-0.068617
-0.073855
-0.079453
-0.085885
-0.092986
-0.101300
-0.111448
-0.123000
-0.135310
-0.147773
-0.158947
-0.167691
-0.175027
-0.181881
-0.187737
-0.193095
-0.198714
-0.203842
-0.208253
-0.213339
-0.219590
-0.226507
-0.233633
-0.241037
-0.249347
-0.258869
-0.270172
-0.284423
-0.301259
-0.318876
-0.337243
-0.356892
-0.376449
-0.394916
-0.412226
-0.427778
-0.441285
-0.453302
-0.463789
-0.472090
-0.478861
-0.485226
-0.491752
-0.498950
-0.507170
-0.515922
-0.524520
-0.533131
-0.541918
-0.550393
-0.557473
-0.562863
-0.567889
-0.573314
-0.578585
-0.583125
-0.586995
-0.590959
-0.594855
-0.598054
-0.601615
-0.606358
-0.610914
-0.614087
-0.614982
-0.612636
-0.607448
-0.600761
-0.592279
-0.580717
-0.567452
-0.554418
-0.541933
-0.529536
-0.516857
-0.504869
-0.494279
-0.484411
-0.475835
-0.470129
-0.466117
-0.461828
-0.457352
-0.453081
-0.448771
-0.443985
-0.438561
-0.432305
-0.425102
-0.417549
-0.411041
-0.405538
-0.398363
-0.389225
-0.379969
-0.369754
-0.358056
-0.347202
-0.337845
-0.328627
-0.319540
-0.310510
-0.300281
-0.288507
-0.275642
-0.261286
-0.245775
-0.230983
-0.217067
-0.202979
-0.189642
-0.177485
-0.164977
-0.152084
-0.140084
-0.128671
-0.117602
-0.107696
-0.098416
-0.088552
-0.078810
-0.069498
-0.058660
-0.045803
-0.032371
-0.019350
-0.007210
0.004150
0.015118
0.026113
0.037387
0.048725
0.059327
0.069152
0.078408
0.085922
0.091397
0.096488
0.102104
0.108285
0.115366
0.123320
0.131733
0.140382
0.148931
0.156394
0.162223
0.166400
0.169207
0.171495
0.174177
0.177645
0.182070
0.187442
0.193565
0.200785
0.209006
0.217182
0.225072
0.232739
0.238773
0.242454
0.245208
0.249230
0.255452
0.261391
0.265365
0.268873
0.272873
0.277289
0.281749
0.285984
0.289828
0.293159
0.295980
0.298240
0.299387
0.298789
0.296725
0.293768
0.290302
0.286793
0.283863
0.282193
0.281937
0.282714
0.284633
0.288362
0.293923
0.299916
0.303515
0.304852
0.306041
0.306249
0.304790
0.303265
0.302489
0.302036
0.302113
0.303144
0.305408
0.308635
0.312136
0.315351
0.317937
0.319380
0.318615
0.314889
0.309159
0.302498
0.294712
0.286023
0.277342
0.269357
0.262333
0.256062
0.249689
0.242621
0.235663
0.229241
0.222251
0.214874
0.208278
0.202173
0.196403
0.191803
0.187438
0.181510
0.174767
0.168393
0.161918
0.154613
0.146359
0.137822
0.129623
0.121766
0.113968
0.105971
0.097857
0.089974
0.082771
0.075952
0.068932
0.062105
0.055626
0.048533
0.040551
0.032225
0.023653
0.014859
0.006028
-0.002834
-0.011722
-0.020289
-0.028718
-0.038163
-0.048613
-0.058943
-0.068826
-0.078473
-0.088584
-0.099801
-0.112022
-0.123971
-0.134253
-0.142536
-0.149614
-0.156503
-0.162363
-0.166333
-0.169364
-0.171909
-0.173869
-0.176060
-0.178766
-0.180847
-0.182263
-0.184543
-0.187808
-0.190791
-0.192199
-0.192216
-0.192351
-0.192508
-0.191837
-0.190414
-0.188322
-0.185372
-0.182066
-0.180000
-0.180772
-0.183204
-0.183986
-0.183247
-0.183156
-0.183919
-0.184664
-0.184210
-0.182052
-0.178789
-0.176135
-0.174401
-0.171371
-0.166371
-0.160528
-0.154906
-0.149627
-0.143454
-0.135410
-0.125746
-0.116291
-0.107641
-0.098105
-0.087516
-0.076850
-0.066209
-0.055688
-0.046092
-0.037616
-0.029621
-0.021746
-0.014512
-0.009285
-0.005242
-0.000300
0.005094
0.009986
0.014645
0.019355
0.024146
0.029221
0.034572
0.039392
0.042890
0.044626
0.045186
0.045867
0.047331
0.048981
0.049508
0.048993
0.048295
0.048075
0.048441
0.049206
0.050258
0.050917
0.049824
0.046661
0.042530
0.038845
0.036475
0.035046
0.034266
0.034185
0.034464
0.034561
0.033908
0.032211
0.029478
0.025662
0.020790
0.015585
0.011925
0.012004
0.014888
0.018236
0.022633
0.028757
0.035609
0.042415
0.048875
0.054777
0.060586
0.067152
0.073649
0.078935
0.084625
0.091741
0.099063
0.106273
0.113754
0.121126
0.128235
0.135958
0.144617
0.153669
0.162742
0.171796
0.180973
0.189609
0.196686
0.203131
0.210063
0.216568
0.222333
0.228021
0.233131
0.237526
0.242997
0.249402
0.254246
0.257989
0.262696
0.268355
0.274641
0.282143
0.291013
0.300889
0.311828
0.324040
0.336847
0.348269
0.357243
0.366328
0.377257
0.388651
0.399834
0.410754
0.421023
0.430402
0.439284
0.447909
0.455897
0.462648
0.468253
0.473992
0.480056
0.485530
0.490466
0.495128
0.499283
0.502903
0.506306
0.509544
0.512354
0.514502
0.516400
0.518686
0.520453
0.520683
0.520139
0.519732
0.519684
0.519510
0.518916
0.518778
0.518944
0.518134
0.517158
0.516950
0.515184
0.511030
0.507170
0.503866
0.499611
0.494819
0.489517
0.482350
0.474220
0.466879
0.458375
0.446890
0.434150
0.421946
0.410693
0.399107
0.386017
0.372797
0.360312
0.348011
0.335512
0.322505
0.309046
0.295227
0.280387
0.264373
0.248183
0.231855
0.214793
0.198101
0.182837
0.168531
0.154853
0.141829
0.129040
0.116918
0.108040
0.102724
0.097162
0.090126
0.082748
0.075311
0.068088
0.060533
0.052444
0.044411
0.036176
0.027136
0.017137
0.006339
-0.004844
-0.016113
-0.027432
-0.038901
-0.049655
-0.056887
-0.060016
-0.061090
-0.061446
-0.061508
-0.060657
-0.059066
-0.058049
-0.058071
-0.058752
-0.059747
-0.061305
-0.064513
-0.069458
-0.075236
-0.081437
-0.088182
-0.095435
-0.102113
-0.106913
-0.110918
-0.115632
-0.120210
-0.124231
-0.128455
-0.132959
-0.137341
-0.141669
-0.145915
-0.149551
-0.152528
-0.155028
-0.156392
-0.156128
-0.154338
-0.150480
-0.143677
-0.134891
-0.125277
-0.114199
-0.101914
-0.089998
-0.078395
-0.066095
-0.053335
-0.040414
-0.026994
-0.013182
0.000417
0.013452
0.025884
0.037874
0.049378
0.059878
0.068781
0.076149
0.083088
0.090361
0.098046
0.106274
0.115197
0.124911
0.135115
0.145211
0.155419
0.166323
0.177321
0.187712
0.197497
0.206735
0.215209
0.222534
0.228823
0.235079
0.241349
0.246227
0.250061
0.254246
0.258547
0.262715
0.267801
0.274170
0.281038
0.287678
0.293954
0.300530
0.307462
0.314020
0.320137
0.325950
0.330871
0.334577
0.337513
0.340208
0.342943
0.345526
0.348036
0.351485
0.356236
0.361778
0.367712
0.374007
0.381303
0.389641
0.397795
0.404878
0.410770
0.415664
0.419571
0.421952
0.423184
0.424625
0.426530
0.428250
0.429471
0.430568
0.432254
0.434146
0.435533
0.436767
0.438000
0.438692
0.439354
0.440877
0.442606
0.444076
0.446392
0.449858
0.453782
0.458210
0.463318
0.468826
0.474834
0.481827
0.488982
0.495058
0.500611
0.506093
0.510242
0.512513
0.513454
0.513318
0.512085
0.509532
0.505929
0.501940
0.497412
0.492055
0.486578
0.481136
0.474873
0.468102
0.461511
0.453929
0.444266
0.433105
0.421181
0.409073
0.397224
0.385441
0.372970
0.359585
0.346037
0.333098
0.320920
0.308460
0.295307
0.282610
0.270695
0.258889
0.246610
0.234057
0.222219
0.211102
0.200058
0.189218
0.178679
0.168001
0.157245
0.147238
0.138480
0.130476
0.121742
0.112008
0.102456
0.093109
0.083679
0.074800
0.066019
0.055211
0.043013
0.031987
0.022044
0.012023
0.001191
-0.010092
-0.020670
-0.030274
-0.039128
-0.047388
-0.055206
-0.062573
-0.068977
-0.074028
-0.078478
-0.082867
-0.086975
-0.090924
-0.094942
-0.098900
-0.102806
-0.107201
-0.112041
-0.116641
-0.120867
-0.124912
-0.128823
-0.132556
-0.135860
-0.138163
-0.139126
-0.139410
-0.139447
-0.138789
-0.137362
-0.135511
-0.133595
-0.131706
-0.129596
-0.127297
-0.125062
-0.122791
-0.120256
-0.117402
-0.114434
-0.111537
-0.108295
-0.104352
-0.099956
-0.095085
-0.089390
-0.083129
-0.076743
-0.069953
-0.062587
-0.055007
-0.047172
-0.038841
-0.030400
-0.022286
-0.014485
-0.006775
0.001049
0.008812
0.016096
0.022392
0.027535
0.031907
0.036017
0.040311
0.044732
0.048910
0.052429
0.055180
0.057474
0.059655
0.061671
0.062976
0.063552
0.063674
0.063132
0.061969
0.060959
0.060334
0.059800
0.059538
0.059777
0.060522
0.061466
0.062294
0.063498
0.065515
0.067336
0.068193
0.068389
0.068255
0.068033
0.067793
0.067469
0.066919
0.066056
0.064887
0.063500
0.061888
0.059826
0.057344
0.054667
0.051752
0.048498
0.044974
0.041402
0.038009
0.034639
0.031162
0.028044
0.025541
0.023463
0.021651
0.019964
0.018260
0.016457
0.014440
0.012149
0.009698
0.007223
0.004721
0.002057
-0.000718
-0.003495
-0.006369
-0.009330
-0.012059
-0.014530
-0.017043
-0.019656
-0.022200
-0.024444
-0.026495
-0.028703
-0.030877
-0.032707
-0.034527
-0.036578
-0.038687
-0.040836
-0.043115
-0.045483
-0.047857
-0.050153
-0.052296
-0.054288
-0.056191
-0.057960
-0.059299
-0.060118
-0.060600
-0.060931
-0.061217
-0.061373
-0.061342
-0.061216
-0.061188
-0.061319
-0.061438
-0.061536
-0.061826
-0.062340
-0.062900
-0.063284
-0.063461
-0.063597
-0.063695
-0.063717
-0.063765
-0.063832
-0.063720
-0.063450
-0.063173
-0.062818
-0.062320
-0.061778
-0.061238
-0.060688
-0.060193
-0.059795
-0.059467
-0.059192
-0.058990
-0.058867
-0.058795
-0.058709
-0.058581
-0.058488
-0.058556
-0.058819
-0.059144
-0.059454
-0.059773
-0.060105
-0.060428
-0.060686
-0.060862
-0.060977
-0.061050
-0.061079
-0.061023
-0.060880
-0.060717
-0.060549
-0.060348
-0.060110
-0.059861
-0.059659
-0.059503
-0.059334
-0.059126
-0.058892
-0.058680
-0.058500
-0.058318
-0.058108
-0.057880
-0.057701
-0.057602
-0.057547
-0.057517
-0.057517
-0.057577
-0.057690
-0.057813
-0.057940
-0.058076
-0.058195
-0.058276
-0.058322
-0.058347
-0.058363
-0.058366
-0.058346
-0.058296
-0.058228
-0.058156
-0.058069
-0.057958
-0.057833
-0.057700
-0.057558
-0.057408
-0.057252
-0.057094
-0.056937
-0.056773
-0.056592
-0.056388
-0.056177
-0.055955
-0.055700
-0.055420
-0.055126
-0.054810
-0.054470
-0.054114
-0.053749
-0.053375
-0.052989
-0.052592
-0.052186
-0.051769
-0.051340
-0.050897
-0.050438
-0.049962
-0.049472
-0.048971
-0.048456
-0.047927
-0.047382
-0.046823
-0.046254
-0.045672
-0.045078
-0.044472
-0.043856
-0.043229
-0.042590
-0.041940
-0.041281
-0.040613
-0.039933
-0.039243
-0.038542
-0.037832
-0.037111
-0.036381
-0.035643
-0.034896
-0.034139
-0.033373
-0.032599
-0.031816
-0.031023
-0.030222
-0.029412
-0.028593
-0.027765
-0.026928
-0.026083
-0.025228
-0.024366
-0.023494
-0.022614
-0.021726
-0.020830
-0.019925
-0.019013
-0.018092
-0.017163
-0.016227
-0.015283
-0.014331
-0.013372
-0.012405
-0.011430
-0.010448
-0.009459
-0.008463
-0.007459
-0.006449
-0.005431
-0.004407
-0.003375
-0.002337
-0.001293
-0.000241
