0.000000
0.109624
0.220125
0.329764
0.438087
0.548654
0.662621
0.773972
0.880751
0.987375
1.091680
1.195185
1.308317
1.425616
1.532683
1.630377
1.716299
1.794695
1.891919
1.998290
2.086122
2.163982
2.240933
2.315997
2.382495
2.453561
2.571585
2.732794
2.876888
2.970640
3.019028
3.007842
2.918613
2.800030
2.736483
2.710815
2.685614
2.679335
2.670882
2.626823
2.501161
2.336613
2.281317
2.319622
2.337076
2.343028
2.289360
2.072626
1.817222
1.777956
1.960387
2.044248
1.842110
1.608233
1.621937
1.738928
1.677544
1.492618
1.338947
1.227392
1.224108
1.305553
1.346488
1.232318
0.907907
0.613052
0.673871
0.902327
0.894500
0.711996
0.548867
0.469661
0.744329
1.370026
1.754870
1.671616
1.627387
1.838979
1.727979
1.143577
0.708704
0.647718
0.744258
0.933865
1.068671
0.844030
0.420678
0.326596
0.520197
0.601635
0.508566
0.439907
0.543189
0.589207
0.241535
-0.194335
-0.355860
-0.503674
-0.694857
-0.709418
-0.728622
-0.929353
-1.134688
-1.233772
-1.156102
-0.981549
-1.073987
-1.585072
-2.212322
-2.555592
-2.611875
-2.595085
-2.590892
-2.620338
-2.437384
-1.844970
-1.304101
-1.340161
-1.754010
-2.241822
-2.828210
-3.290498
-3.306587
-2.872959
-2.261949
-1.917353
-2.129063
-2.745440
-3.381559
-3.869376
-3.992686
-3.529909
-3.057813
-3.302645
-3.941847
-4.033052
-3.341134
-2.469623
-2.283150
-3.060342
-3.689976
-3.358387
-2.683054
-2.146970
-1.598542
-1.091128
-0.749673
-0.556583
-0.564793
-0.508408
-0.291942
-0.294546
-0.567280
-0.689129
-0.495279
-0.326259
-0.447536
-0.805163
-0.909890
-0.601072
-0.347973
-0.136418
0.288106
0.654326
0.817166
0.925214
0.979058
0.848670
0.420112
0.120464
0.429403
1.113279
1.574923
1.670296
1.803134
1.940149
1.549492
1.055507
1.359499
1.952642
1.884395
1.279601
0.932203
1.245856
1.738628
2.018474
2.512403
2.987989
2.423530
1.070548
0.102837
-0.329033
-0.599116
-0.749985
-1.148039
-1.852450
-2.179804
-2.198747
-2.561176
-3.240925
-4.134229
-5.089091
-5.510414
-5.072218
-4.196357
-3.595726
-3.397214
-3.257751
-2.696703
-1.729136
-1.107029
-0.901976
-0.778952
-0.984834
-1.471943
-1.676907
-1.246625
-0.420485
-0.392349
-1.679426
-2.829078
-2.505085
-0.828482
1.079984
2.146968
2.030349
0.982224
0.044654
0.229999
1.052469
1.315997
0.712573
-0.344321
-1.606826
-2.798841
-3.319447
-3.140966
-2.925547
-3.135951
-3.652469
-4.002338
-3.719442
-2.769156
-1.792696
-1.456993
-1.957457
-2.995881
-3.466009
-2.280738
-0.323541
0.517593
0.121703
-0.168188
0.258927
0.935998
1.652702
2.626896
3.330854
2.942132
1.487892
-0.222696
-1.043459
-0.743265
0.176021
1.557038
2.761251
2.885064
2.393650
2.077352
0.859373
-2.180805
-5.439481
-6.929216
-6.606518
-5.992552
-6.496095
-7.910382
-9.265180
-10.380620
-11.228550
-10.976440
-9.316238
-7.482786
-6.410253
-5.984579
-5.579890
-5.029527
-4.701162
-4.281988
-3.528548
-2.667446
-1.991424
-1.639432
-1.110442
0.038624
1.521956
2.789864
3.383046
3.073256
1.952770
0.874578
0.753463
1.025615
0.588066
-0.361896
-1.032413
-1.365675
-1.685321
-2.723043
-4.620807
-6.065161
-6.491738
-6.269026
-5.557201
-5.243084
-5.812950
-6.907837
-9.150716
-12.406130
-14.849100
-15.704490
-15.257380
-13.869970
-11.811710
-9.159278
-6.405806
-3.774713
-1.157196
1.030422
2.259307
2.866752
3.632289
4.804835
6.756299
8.927681
9.138797
7.572817
6.772513
7.297032
8.271807
8.579106
7.123955
5.297758
5.147290
6.036284
6.662737
6.928890
7.210772
7.244022
6.444151
5.448739
5.293265
5.508469
5.661645
7.011046
9.616026
11.309430
11.678070
12.114920
12.319050
11.108390
8.988272
8.235925
9.739671
11.652690
12.247880
11.596080
11.226190
11.837310
12.502690
12.681140
12.323750
11.542290
11.491820
12.259570
12.215260
11.144740
10.474670
10.957260
10.303110
6.595999
2.843375
2.107569
2.787003
3.114539
4.202123
5.627834
6.282000
8.208627
11.765490
13.223780
13.026090
14.267770
13.769220
10.249320
9.438214
12.571970
14.302820
13.031270
12.927720
14.939310
17.040650
19.504600
21.333850
19.730940
14.329870
10.561240
14.829610
22.553750
23.154860
17.420470
13.809450
11.728890
6.247876
1.395866
2.330812
5.365828
5.490851
3.267211
0.824550
-2.086813
-4.766798
-7.511069
-12.896070
-17.582190
-16.838380
-13.716990
-13.469310
-16.213850
-17.937440
-17.416120
-18.014910
-21.730230
-26.042680
-27.018830
-28.039760
-32.703240
-36.778580
-40.030780
-40.894700
-33.356220
-24.207700
-21.896340
-19.388000
-13.284900
-10.509590
-9.849324
-6.529219
-4.625434
-6.748459
-6.681591
-2.280808
1.086996
-0.606121
-4.795340
-4.628129
-1.261409
-0.215453
0.075341
1.254682
0.231104
-3.080731
-3.432020
-2.270024
-5.258525
-7.610887
-4.624596
-2.494697
-5.023146
-8.051775
-10.163840
-13.358660
-14.939470
-11.242290
-8.248531
-10.937080
-12.849760
-11.869760
-12.732320
-15.198230
-16.016390
-14.837100
-14.002410
-13.397960
-11.235830
-7.314970
-3.028870
-1.265002
-2.325760
-3.474326
-2.505790
1.241433
5.664699
5.303306
-0.647838
-4.443020
-1.903414
2.352653
5.579697
9.680721
12.937570
10.110200
2.753677
1.732143
10.726000
19.675500
20.924030
16.719050
13.450670
14.364200
15.219050
12.741510
9.341613
6.547113
4.657058
2.586812
-0.768840
-2.766790
-3.233733
-7.851621
-15.432310
-14.289130
-4.207822
1.555948
-0.923362
-6.192660
-10.681450
-13.620370
-13.877750
-9.762218
-3.096839
0.872131
1.327976
4.513390
12.518900
18.765620
19.320170
16.669130
12.358120
6.302417
1.619879
2.334863
6.991583
10.325870
11.061520
11.341590
11.888460
13.898460
17.455330
19.578930
19.461950
19.914410
23.431320
30.010430
36.467870
36.918120
31.115880
25.458920
19.634840
9.661880
2.720384
6.330051
12.238620
14.066640
15.990570
17.048820
14.078910
9.036042
4.507638
2.880492
5.074987
7.706225
8.063581
5.724267
0.811072
-4.059940
-7.096027
-9.813470
-12.645020
-12.938670
-8.945647
-2.807381
1.782793
3.398034
3.772955
6.187626
10.791100
13.449090
12.777900
10.675300
7.084307
1.766562
-1.499752
0.138847
1.434795
-2.236210
-6.626076
-8.738830
-11.694770
-14.803200
-14.444110
-14.536680
-16.999280
-15.051150
-10.580010
-10.410260
-11.536240
-13.295590
-17.683350
-19.132100
-17.001100
-16.624320
-17.055560
-15.851730
-15.343940
-18.039210
-22.048800
-24.889330
-26.580070
-26.681040
-25.518990
-24.519230
-23.182470
-20.801010
-17.734650
-14.100000
-11.006460
-11.280840
-15.448300
-20.374800
-22.971810
-22.455580
-18.900390
-14.523470
-14.518310
-20.004240
-27.248520
-33.062810
-34.617170
-31.232770
-27.182070
-25.038550
-22.489150
-19.070920
-15.655760
-11.584450
-8.400535
-7.315428
-6.776970
-7.670580
-10.615620
-11.954490
-10.644550
-9.122325
-7.419896
-5.145081
-2.710698
1.325320
6.892870
9.894036
7.938401
4.079341
2.192845
1.731335
-0.152976
-2.991660
-2.961525
0.988049
5.476164
7.960305
9.291880
10.502730
10.250080
8.921999
8.392499
9.594127
14.667510
22.610890
27.931930
27.770350
24.944860
23.469100
22.312760
18.876000
14.529410
12.450130
14.963010
20.040180
23.693580
25.082480
23.598670
20.213740
19.793770
24.277260
30.725780
35.049700
35.583240
34.923810
34.040100
30.648210
25.235110
21.034270
19.165560
17.784910
16.072730
15.618650
16.660190
17.384850
16.838210
15.507670
14.934270
16.454110
19.210900
20.374890
19.249380
18.080380
17.091680
13.888520
8.770939
5.285511
4.382984
4.106518
2.681386
-0.882994
-5.616363
-8.684351
-9.008084
-8.263357
-7.653653
-6.405881
-3.507719
-0.210310
1.479899
1.775895
1.574694
0.685877
-0.985968
-1.869864
-0.073595
2.563669
2.897732
1.344709
-0.550380
-1.506631
-0.512899
0.362980
-1.546431
-4.794058
-6.734017
-6.669481
-4.784793
-2.775767
-2.122071
-3.077949
-6.083308
-8.652177
-8.293654
-7.529093
-8.191208
-8.618921
-8.491812
-8.522252
-8.816469
-10.719230
-13.658640
-14.841740
-15.251640
-16.230000
-15.603870
-12.960740
-10.494410
-9.329732
-8.038060
-6.144626
-6.496258
-8.896862
-10.789860
-12.970460
-15.519110
-16.383470
-15.244320
-13.862870
-13.120060
-12.850360
-13.575050
-13.915990
-11.661080
-7.843441
-4.765568
-3.045600
-2.061585
-1.473585
-1.005614
-0.001182
1.819562
4.046615
4.641641
2.919468
1.359785
0.488784
-0.937754
-1.810360
-0.660336
1.579565
3.548662
4.006525
2.185963
-0.067066
-1.125100
-2.001272
-2.861068
-2.086027
-0.268237
-0.418821
-2.116509
-1.595428
0.657036
1.140190
-0.554545
-3.008900
-4.947407
-4.929500
-3.116681
-1.947578
-2.347135
-2.634013
-2.169153
-1.388653
0.361574
3.281906
5.229133
4.270425
0.992781
-3.451582
-7.196870
-7.362156
-4.461518
-1.623922
-0.376731
-1.158528
-4.079937
-8.063436
-10.185890
-8.734283
-6.616322
-6.974328
-8.816148
-10.204080
-10.965460
-11.373110
-10.766260
-9.914811
-11.137760
-14.108700
-16.486900
-17.417660
-17.373740
-16.971170
-16.584170
-16.551630
-16.910860
-16.037220
-12.335650
-6.761994
-1.684905
1.774982
3.734437
3.946407
2.295914
0.409853
0.960334
3.925081
6.021504
5.727989
4.413155
3.747712
4.976610
7.347406
8.821383
9.494963
9.942034
9.663425
8.681907
7.207670
5.837440
4.989867
4.279497
4.671207
6.982781
9.508185
11.042670
10.879880
8.641074
7.088205
7.971267
9.313323
10.171110
10.376280
8.801972
6.597319
5.938749
6.059025
6.523572
7.917897
9.384093
11.246100
13.170500
13.139610
11.600450
11.704830
14.623150
16.784780
15.239690
11.476450
8.024383
5.742242
4.743725
5.632617
6.699814
4.775665
0.484729
-3.688204
-5.864054
-4.905307
-1.081351
4.146295
8.530454
10.612170
11.408030
12.337350
12.394510
10.515830
6.745819
2.917838
2.106961
2.718410
0.693484
-3.815181
-7.980408
-9.600733
-8.777029
-6.984084
-5.185181
-4.326223
-3.985346
-3.151661
-2.151656
-2.071471
-4.795760
-9.133536
-10.962380
-10.037410
-8.844023
-8.328047
-8.439994
-9.139931
-10.158190
-10.869170
-10.601730
-9.422171
-8.253853
-6.618084
-2.920954
2.651020
6.683806
5.922044
2.358432
0.498094
0.790599
1.587653
3.066932
3.399494
1.041957
-1.243204
-2.382111
-4.488282
-7.516671
-9.638175
-9.787335
-7.910724
-4.755500
-1.202458
0.845377
0.447021
-1.425507
-3.737703
-4.711724
-2.967477
-0.047057
1.088540
0.866662
1.982898
4.658336
7.427265
8.900801
7.989150
4.978552
1.799415
0.741571
1.814171
2.226022
1.636708
1.653248
1.466842
0.968850
1.553397
4.121353
8.286250
11.972380
14.936130
18.037820
19.403970
18.376890
17.366810
17.865140
20.637490
25.166590
27.673430
25.459380
20.078270
13.502540
5.538041
-0.552966
2.285874
11.605120
17.561450
18.260800
16.433760
11.545580
3.928278
-2.748215
-5.253279
-4.355235
-3.425560
-2.947589
-1.860916
-2.220372
-4.374447
-4.882829
-3.795899
-3.087273
-2.026933
-0.416297
1.011080
2.031433
2.551561
2.680710
2.394943
1.591716
0.154792
-2.531898
-6.561343
-10.841130
-14.827590
-17.827020
-18.165410
-16.981890
-16.360480
-16.100130
-16.940240
-18.410740
-17.455500
-14.575520
-12.158280
-9.862175
-7.997221
-7.484892
-6.588642
-4.240739
-2.140505
-1.053156
-0.232157
0.451590
1.082243
1.809380
1.596702
-0.222778
-2.326108
-2.992816
-2.870500
-3.847761
-5.453198
-6.684857
-7.796600
-7.646087
-5.250055
-2.948521
-3.375329
-5.856004
-6.894765
-3.978773
0.335503
1.586071
-0.235015
-1.706802
-0.630783
2.439031
5.104874
5.457376
3.629867
1.175101
-0.689322
-2.240899
-3.735754
-4.629887
-4.749686
-4.980495
-5.265399
-3.141425
1.384687
4.868062
5.772489
4.100860
1.063155
0.364886
3.021550
5.726110
6.208327
4.723856
2.233152
0.136473
-1.011452
-1.843171
-2.290537
-2.251189
-2.081327
-1.646813
-0.920855
-0.429143
-0.432037
-0.698461
-1.246476
-2.010911
-2.384963
-1.921618
-1.090704
-0.633552
-0.171901
0.650241
1.116908
1.062073
1.199577
2.320681
4.396445
5.667521
4.420659
1.339200
-1.238038
-1.865011
-0.693853
1.474386
3.073046
3.192023
2.671803
2.078143
1.507149
1.117777
0.596546
0.202790
0.356955
0.446342
0.188907
-0.299721
-0.625366
-0.076214
1.416897
3.736223
5.912512
6.301978
5.229850
4.309556
3.823389
3.669847
4.061843
4.446992
4.396645
4.518284
5.216505
5.747305
5.306247
3.914000
2.236567
0.963326
0.134996
-0.436850
-0.811310
-1.702028
-3.364156
-4.726717
-5.597872
-6.545615
-6.925632
-6.454937
-6.554546
-7.705419
-8.914600
-9.416455
-8.990568
-8.565597
-8.614530
-8.036385
-6.888893
-6.580451
-7.596819
-8.828006
-9.025727
-8.941441
-10.434380
-12.895820
-13.834780
-13.194770
-12.384590
-11.595540
-10.932050
-10.974570
-11.537110
-11.785370
-11.547900
-10.907470
-9.879497
-8.717443
-7.498505
-6.415146
-6.007351
-6.365160
-6.772900
-6.301372
-4.834929
-3.141740
-1.555502
0.120384
1.593612
2.350450
2.569518
2.730032
2.758932
2.681016
3.091742
3.982620
4.692978
5.266629
6.141928
7.079287
7.795417
8.484739
9.483505
10.583940
10.843320
10.176950
9.498513
9.381336
9.704217
9.691609
9.157810
9.080411
9.488939
9.512615
9.337373
9.397395
9.342011
9.087356
9.023084
8.724832
7.867399
7.388193
7.570716
7.894431
8.727388
9.873500
10.115440
9.386453
8.455083
7.604581
6.869661
6.165103
5.255447
4.200365
3.241955
2.595627
2.649335
3.411672
4.004757
3.687243
3.111452
3.079707
3.110039
2.955549
3.124113
3.506727
3.491957
3.084374
2.709019
2.190041
1.366817
0.856434
1.169119
1.893061
2.505371
2.848112
2.845443
2.947906
3.461213
3.968956
4.210271
4.345231
4.310116
3.902202
3.282528
2.669403
2.326265
2.674190
3.724023
4.919002
5.731037
5.886377
5.458782
4.931596
4.509319
4.115873
3.738317
3.366698
2.875966
2.404590
2.350130
2.610562
2.845635
2.797449
2.617856
2.667623
2.625375
2.100166
1.319229
0.581617
0.059842
-0.442673
-1.172805
-1.501525
-1.085428
-0.752640
-0.805365
-0.674510
-0.210050
0.293583
0.422784
0.049118
-0.229868
-0.126329
-0.480422
-1.501451
-2.390585
-3.030075
-3.577985
-3.736368
-3.632149
-3.482855
-2.704309
-1.314934
-0.569071
-0.970533
-1.896212
-3.069380
-4.370696
-5.216297
-5.330841
-5.051961
-4.466570
-3.673578
-3.116369
-3.024204
-3.436373
-4.280253
-5.291214
-6.366894
-7.676969
-9.237563
-10.688760
-11.401840
-11.355780
-11.291390
-11.466460
-11.463220
-11.007590
-10.120720
-9.191201
-8.876045
-9.215345
-9.326933
-8.623448
-7.808150
-7.787539
-8.232895
-8.141312
-7.694860
-8.017833
-8.877465
-9.019107
-8.267061
-7.234889
-6.318214
-5.648484
-5.284895
-5.270687
-5.329844
-4.850671
-3.628583
-2.247330
-1.476184
-1.655567
-2.365526
-2.680541
-2.127550
-1.222316
-0.613162
-0.206012
0.267155
0.713784
1.009226
1.192429
1.406953
1.821295
2.504785
3.429216
4.447256
5.269891
5.555505
5.257150
4.749796
4.317622
4.169903
4.487642
4.953251
5.129334
4.751433
3.682591
2.445648
1.692716
1.469463
1.599559
1.744339
1.584442
1.282652
1.096508
0.961511
1.019368
1.349778
1.550501
1.646910
1.844457
1.919092
1.709497
1.317975
1.019320
0.963622
0.922852
0.605442
-0.025970
-0.778897
-1.420212
-1.816796
-1.788129
-1.409091
-1.247460
-1.333330
-1.066155
-0.557754
-0.242269
0.076814
0.675346
1.470134
2.241313
2.717278
2.567294
2.101602
2.136948
2.306201
1.709881
0.847144
0.648117
0.719294
0.305317
-0.312196
-0.771612
-1.140196
-1.315956
-1.220762
-0.971350
-0.897308
-1.250301
-1.639021
-1.528432
-0.828381
0.046071
0.561527
0.578562
0.220740
-0.131944
-0.092358
0.048637
-0.038338
-0.141711
-0.127373
0.080523
0.440172
0.524208
0.306433
0.321156
0.601177
0.497703
-0.159437
-0.700061
-0.824544
-0.898063
-1.177163
-1.629440
-2.193935
-2.792537
-3.314876
-3.756049
-4.020192
-4.071282
-4.114596
-4.447569
-5.117030
-5.698945
-6.165418
-6.885394
-7.691113
-8.292351
-8.780386
-9.475186
-10.522720
-11.483780
-11.894970
-11.917130
-11.832130
-11.503690
-10.739740
-9.680598
-8.638508
-7.567558
-6.300716
-5.225872
-4.568605
-3.777401
-2.550881
-1.300916
-0.339338
0.488508
1.401067
2.325172
3.098454
3.808944
4.555272
5.153420
5.575537
6.084318
6.626429
6.980236
7.234496
7.462750
7.580223
7.588185
7.581670
7.648875
7.746746
7.703654
7.500425
7.316700
7.251301
7.200122
7.115759
7.118576
7.123318
6.913260
6.584640
6.422310
6.441955
6.414999
6.224668
5.865636
5.404258
4.975833
4.663077
4.454755
4.226952
3.875426
3.480786
3.178854
2.934654
2.631124
2.324814
2.123529
1.984199
1.820409
1.609311
1.399835
1.279104
1.266791
1.266967
1.203453
1.084703
0.942334
0.811386
0.712746
0.639316
0.566810
0.472542
0.352566
0.223210
0.109079
0.021470
-0.042589
-0.085455
-0.112992
-0.143920
-0.189033
-0.235568
-0.267778
-0.285333
-0.300191
-0.319615
-0.342266
-0.363883
-0.378856
-0.387479
-0.392631
-0.393065
-0.389471
-0.384343
-0.378590
-0.372497
-0.365257
-0.355556
-0.343542
-0.330114
-0.315326
-0.299080
-0.281787
-0.263520
-0.244044
-0.223276
-0.201326
-0.178387
-0.154632
-0.130197
-0.105206
-0.079797
-0.054129
-0.028368
-0.002684
