0.000000
-0.001551
-0.003100
-0.004644
-0.006177
-0.007693
-0.009195
-0.010697
-0.012213
-0.013742
-0.015282
-0.016828
-0.018358
-0.019843
-0.021275
-0.022663
-0.024060
-0.025569
-0.027314
-0.029347
-0.031629
-0.034063
-0.036528
-0.038909
-0.041145
-0.043236
-0.045205
-0.047123
-0.049139
-0.051426
-0.053986
-0.056461
-0.058386
-0.059475
-0.059774
-0.059584
-0.059294
-0.059169
-0.059295
-0.059719
-0.060432
-0.061382
-0.062557
-0.064027
-0.065854
-0.068044
-0.070589
-0.073642
-0.077511
-0.082259
-0.087637
-0.093351
-0.099343
-0.105755
-0.112478
-0.118898
-0.124002
-0.127176
-0.128319
-0.127371
-0.124484
-0.120105
-0.114974
-0.110246
-0.106949
-0.105594
-0.106150
-0.108299
-0.112240
-0.118790
-0.128967
-0.142963
-0.159974
-0.178505
-0.196932
-0.213661
-0.227263
-0.236704
-0.240868
-0.239721
-0.235281
-0.230031
-0.226453
-0.225641
-0.226591
-0.228325
-0.231172
-0.236234
-0.243501
-0.252104
-0.261027
-0.269988
-0.279819
-0.291733
-0.306818
-0.325459
-0.346199
-0.366163
-0.384321
-0.400947
-0.414222
-0.419995
-0.412791
-0.392334
-0.363598
-0.331523
-0.302899
-0.280374
-0.261181
-0.243903
-0.226739
-0.207267
-0.184720
-0.160992
-0.139526
-0.124201
-0.119454
-0.129770
-0.156443
-0.193652
-0.228825
-0.254280
-0.273521
-0.290879
-0.309194
-0.329919
-0.351795
-0.371360
-0.384139
-0.388101
-0.382844
-0.368460
-0.347148
-0.324694
-0.309158
-0.309505
-0.332011
-0.374642
-0.429285
-0.489003
-0.549411
-0.605250
-0.652950
-0.690963
-0.715852
-0.723865
-0.713982
-0.686914
-0.643418
-0.584907
-0.514333
-0.433998
-0.345427
-0.250297
-0.148287
-0.037172
0.082973
0.206798
0.327501
0.434443
0.514705
0.564111
0.589523
0.600938
0.605112
0.607953
0.612023
0.613209
0.604503
0.580278
0.541342
0.492298
0.437984
0.382188
0.327714
0.278119
0.235181
0.198376
0.167388
0.144067
0.132828
0.140944
0.176354
0.241097
0.327544
0.427379
0.536435
0.651335
0.769374
0.887218
0.998412
1.095273
1.172244
1.225484
1.256204
1.271779
1.287309
1.325450
1.395995
1.494144
1.604395
1.698721
1.762168
1.796348
1.810917
1.817730
1.816855
1.801376
1.765062
1.708469
1.639221
1.565372
1.490847
1.410938
1.315725
1.196577
1.058098
0.915979
0.786732
0.681216
0.611920
0.601552
0.663438
0.803607
1.019863
1.281401
1.538676
1.757768
1.932635
2.080533
2.217582
2.347157
2.470921
2.588584
2.700548
2.803002
2.889820
2.964287
3.037622
3.115981
3.196403
3.266816
3.318143
3.350236
3.366326
3.366742
3.340752
3.273493
3.155896
2.998064
2.830627
2.675480
2.538785
2.424460
2.327827
2.244936
2.182261
2.141569
2.117511
2.105486
2.104005
2.114478
2.138327
2.170453
2.193805
2.175180
2.094459
1.955989
1.771118
1.563819
1.365576
1.199761
1.068415
0.965619
0.890528
0.844042
0.834347
0.866825
0.927960
0.996286
1.060371
1.118677
1.177977
1.235853
1.265296
1.244987
1.189187
1.127712
1.101078
1.151388
1.271914
1.428589
1.598721
1.760179
1.890262
1.966079
1.985832
1.968586
1.929532
1.876261
1.814687
1.755137
1.710785
1.691635
1.694084
1.700318
1.688824
1.638724
1.549819
1.445946
1.356075
1.305301
1.298716
1.328627
1.371126
1.393234
1.384114
1.343904
1.270610
1.170545
1.059236
0.945505
0.828109
0.702374
0.561742
0.405396
0.239463
0.076742
-0.068520
-0.184739
-0.262854
-0.305690
-0.333284
-0.362673
-0.403436
-0.455593
-0.508425
-0.551570
-0.575821
-0.573028
-0.538238
-0.471113
-0.374292
-0.254586
-0.122508
0.012330
0.139555
0.249268
0.335421
0.394319
0.429707
0.449620
0.456905
0.449534
0.423391
0.370253
0.281133
0.156984
0.007594
-0.156077
-0.323609
-0.475542
-0.586410
-0.648088
-0.666604
-0.655403
-0.628579
-0.584700
-0.517205
-0.429789
-0.333183
-0.238255
-0.155472
-0.086159
-0.019761
0.055837
0.149600
0.270377
0.423617
0.605733
0.804618
0.999768
1.173021
1.316181
1.426085
1.501039
1.537953
1.529520
1.477323
1.394812
1.298373
1.200974
1.116191
1.052272
1.008931
0.985409
0.978472
0.983715
0.995849
1.008766
1.021447
1.037787
1.057764
1.077397
1.093438
1.110268
1.137171
1.179558
1.235884
1.295652
1.345128
1.371521
1.368427
1.337682
1.281788
1.200756
1.096851
0.981939
0.869009
0.771122
0.698165
0.654493
0.645184
0.669835
0.717628
0.771021
0.806636
0.814344
0.800296
0.766913
0.716398
0.655845
0.598044
0.556482
0.544397
0.567263
0.614338
0.663170
0.695047
0.703094
0.687980
0.652743
0.601076
0.542489
0.486746
0.440770
0.409053
0.392315
0.390825
0.403787
0.427875
0.461411
0.503574
0.550631
0.600728
0.655498
0.713351
0.767436
0.812286
0.845730
0.869665
0.892138
0.924242
0.970642
1.027576
1.086856
1.141027
1.185638
1.220125
1.244489
1.251087
1.235096
1.200859
1.157941
1.119909
1.098964
1.095802
1.101898
1.110902
1.118389
1.119153
1.107090
1.074358
1.017125
0.937322
0.838680
0.728459
0.619561
0.527045
0.458600
0.412560
0.385938
0.376207
0.380356
0.397128
0.427342
0.471296
0.527086
0.591178
0.658419
0.721325
0.770888
0.799380
0.809365
0.811303
0.811750
0.810840
0.804971
0.791226
0.768332
0.737425
0.700151
0.656774
0.607388
0.551319
0.485404
0.404592
0.304748
0.183340
0.036669
-0.141899
-0.362148
-0.631940
-0.938896
-1.264249
-1.602820
-1.948427
-2.290614
-2.631177
-2.985737
-3.370236
-3.790575
-4.242166
-4.715623
-5.198138
-5.672692
-6.125959
-6.552158
-6.950269
-7.326618
-7.695192
-8.072720
-8.469963
-8.881420
-9.292836
-9.690173
-10.039730
-10.290680
-10.409080
-10.373060
-10.167720
-9.790553
-9.233643
-8.496315
-7.652006
-6.821026
-6.074329
-5.430116
-4.897959
-4.458039
-4.088912
-3.813844
-3.638545
-3.542966
-3.510122
-3.533364
-3.605507
-3.714326
-3.859155
-4.054852
-4.317311
-4.649803
-5.042230
-5.485415
-5.983156
-6.548904
-7.186819
-7.879810
-8.596980
-9.323948
-10.063460
-10.816450
-11.583460
-12.359490
-13.138950
-13.917870
-14.692970
-15.461820
-16.223790
-16.982820
-17.747870
-18.526920
-19.329610
-20.172810
-21.064540
-21.998110
-22.962970
-23.955420
-24.976140
-26.012100
-27.009070
-27.867820
-28.497370
-28.840300
-28.874530
-28.618720
-28.081910
-27.290610
-26.368120
-25.472340
-24.712560
-24.110410
-23.623630
-23.221480
-22.875010
-22.536130
-22.151570
-21.676610
-21.104850
-20.457240
-19.735670
-18.939010
-18.094160
-17.232170
-16.370120
-15.513680
-14.667410
-13.854380
-13.126200
-12.537210
-12.098790
-11.762150
-11.471680
-11.180220
-10.814900
-10.295760
-9.593108
-8.741504
-7.778285
-6.735145
-5.638297
-4.497614
-3.323074
-2.129770
-0.934512
0.247619
1.399807
2.511358
3.573273
4.551619
5.388661
6.037909
6.436656
6.516059
6.266903
5.710898
4.911058
4.021730
3.149427
2.274943
1.373261
0.460171
-0.407270
-1.151970
-1.735229
-2.144327
-2.320600
-2.214251
-1.813932
-1.121573
-0.225868
0.723675
1.667907
2.631225
3.616338
4.605820
5.587903
6.564159
7.539617
8.516103
9.494766
10.475230
11.453210
12.419800
13.363540
14.280260
15.173570
16.043120
16.881650
17.682750
18.450730
19.189720
19.889840
20.529660
21.095740
21.593080
22.033220
22.436840
22.836140
23.265620
23.756410
24.318300
24.939700
25.606240
26.300760
27.012620
27.729940
28.436360
29.122020
29.775370
30.384890
30.932970
31.393380
31.735690
31.916590
31.876100
31.602490
31.104490
30.404100
29.542110
28.530130
27.407890
26.233140
25.037220
23.825440
22.602040
21.374310
20.142410
18.903180
17.654740
16.402110
15.159510
13.952650
12.803830
11.721080
10.717520
9.806980
8.990969
8.259238
7.586937
6.947379
6.330158
5.736766
5.165289
4.614975
4.094260
3.616682
3.182203
2.776939
2.399105
2.054224
1.738434
1.446306
1.179491
0.943977
0.748860
0.600309
0.499194
0.441857
0.421411
0.427404
0.439771
0.440886
0.417352
0.361502
0.277744
0.174455
0.060470
-0.041630
-0.096114
-0.081264
0.015199
0.211928
0.533116
0.983939
1.554204
2.231268
2.966978
3.702352
4.395570
5.011544
5.538077
5.981781
6.348700
6.642624
6.871287
7.050105
7.185842
7.275003
7.314951
7.299735
7.218014
7.059350
6.818142
6.492904
6.090635
5.619852
5.087034
4.503601
3.884857
3.249767
2.612966
1.986505
1.386886
0.825362
0.308181
-0.168087
-0.614668
-1.030565
-1.407688
-1.747387
-2.058067
-2.349685
-2.633501
-2.924125
-3.234070
-3.571297
-3.939870
-4.335473
-4.746425
-5.161814
-5.566951
-5.937953
-6.249941
-6.477863
-6.617496
-6.683495
-6.691443
-6.667943
-6.643165
-6.634617
-6.643237
-6.662812
-6.686173
-6.709459
-6.730803
-6.745967
-6.751173
-6.740896
-6.711679
-6.662358
-6.589566
-6.489707
-6.363902
-6.218893
-6.064381
-5.904249
-5.739813
-5.579191
-5.430454
-5.300577
-5.198540
-5.131425
-5.094844
-5.081931
-5.094366
-5.134251
-5.197224
-5.269914
-5.341720
-5.409740
-5.475038
-5.543080
-5.620837
-5.709958
-5.805746
-5.905502
-6.007375
-6.106605
-6.199400
-6.282298
-6.350647
-6.401851
-6.436118
-6.455767
-6.460864
-6.442150
-6.385672
-6.284266
-6.139166
-5.961370
-5.762592
-5.553822
-5.348727
-5.157088
-4.979402
-4.809884
-4.649487
-4.501332
-4.362639
-4.228139
-4.097052
-3.970158
-3.843890
-3.715820
-3.587196
-3.459926
-3.337675
-3.227644
-3.134888
-3.063665
-3.024170
-3.023854
-3.060307
-3.127448
-3.219656
-3.330889
-3.454345
-3.573251
-3.656213
-3.670960
-3.599716
-3.459591
-3.274361
-3.059064
-2.832461
-2.601781
-2.374306
-2.151859
-1.925482
-1.686550
-1.431865
-1.164440
-0.888030
-0.606843
-0.326893
-0.060586
0.164664
0.323815
0.405448
0.401311
0.311926
0.153806
-0.050162
-0.273084
-0.486691
-0.673629
-0.820149
-0.927199
-1.013967
-1.096195
-1.193679
-1.339420
-1.545509
-1.799602
-2.091319
-2.417331
-2.774313
-3.148503
-3.524436
-3.883374
-4.209314
-4.494205
-4.731066
-4.918145
-5.062836
-5.177955
-5.279507
-5.386849
-5.516771
-5.672210
-5.843344
-6.017382
-6.180737
-6.314176
-6.402279
-6.442324
-6.437473
-6.394089
-6.318334
-6.217221
-6.095897
-5.953725
-5.784841
-5.588216
-5.367956
-5.127031
-4.868504
-4.596724
-4.314085
-4.018872
-3.707477
-3.377097
-3.029416
-2.668732
-2.299294
-1.923697
-1.544700
-1.167292
-0.797308
-0.442424
-0.106479
0.210620
0.506246
0.779859
1.038150
1.287875
1.533245
1.779910
2.033659
2.300057
2.582133
2.880892
3.195769
3.522848
3.856062
4.188098
4.509207
4.815510
5.109457
5.389950
5.656432
5.913145
6.166478
6.420760
6.680066
6.948107
7.223244
7.496992
7.762286
8.016421
8.256616
8.479763
8.681536
8.859572
9.015423
9.153964
9.279895
9.394838
9.496741
9.581477
9.646167
9.687623
9.700102
9.678205
9.620746
9.530497
9.411601
9.268840
9.108478
8.935614
8.756316
8.579035
8.409147
8.249324
8.105351
7.987720
7.899376
7.836159
7.799260
7.791634
7.813850
7.864110
7.937468
8.027541
8.126148
8.226173
8.323672
8.413404
8.491396
8.555126
8.600534
8.619940
8.601719
8.538153
8.429705
8.281319
8.100785
7.901277
7.692907
7.483148
7.279594
7.085398
6.900795
6.722074
6.541940
6.354768
6.159080
5.954612
5.740309
5.512551
5.269767
5.012340
4.738344
4.445165
4.132801
3.805577
3.465333
3.107200
2.731740
2.350324
1.975468
1.615969
1.280614
0.975977
0.704168
0.464830
0.258879
0.092684
-0.030749
-0.118059
-0.176526
-0.214239
-0.239104
-0.256214
-0.268697
-0.279864
-0.301209
-0.343559
-0.412264
-0.508688
-0.628560
-0.762814
-0.902843
-1.043154
-1.179751
-1.310990
-1.436206
-1.555470
-1.668366
-1.772977
-1.868787
-1.959416
-2.049172
-2.142019
-2.242585
-2.354623
-2.479505
-2.618046
-2.771083
-2.934445
-3.103047
-3.276935
-3.459169
-3.652542
-3.856038
-4.067895
-4.289739
-4.522141
-4.761099
-4.999335
-5.229407
-5.442972
-5.631327
-5.785591
-5.897941
-5.963450
-5.980770
-5.953878
-5.891903
-5.805717
-5.708273
-5.607297
-5.504525
-5.402982
-5.301660
-5.195165
-5.077469
-4.943546
-4.789830
-4.614596
-4.417797
-4.202427
-3.974740
-3.740100
-3.501860
-3.261056
-3.016651
-2.770621
-2.527115
-2.290778
-2.063798
-1.844941
-1.630329
-1.414932
-1.194112
-0.965153
-0.728500
-0.487296
-0.245811
-0.010192
0.212147
0.415364
0.595648
0.751437
0.880112
0.979671
1.051143
1.096875
1.116250
1.106081
1.067864
1.006958
0.928261
0.833410
0.722279
0.596272
0.458040
0.312644
0.165533
0.020193
-0.121575
-0.260793
-0.399825
-0.537520
-0.672459
-0.808108
-0.946836
-1.086310
-1.223272
-1.353513
-1.470965
-1.571755
-1.655295
-1.718502
-1.753814
-1.757102
-1.728516
-1.666043
-1.568105
-1.441033
-1.297781
-1.150058
-1.004330
-0.860842
-0.715180
-0.560256
-0.390395
-0.201433
0.012413
0.253088
0.516316
0.796644
1.088748
1.387512
1.687255
1.980403
2.262953
2.534348
2.794395
3.043965
3.283438
3.513448
3.736033
3.953759
4.166989
4.372447
4.564666
4.735773
4.878281
4.987636
5.058684
5.087396
5.072012
5.012161
4.911380
4.776125
4.612377
4.424760
4.220161
4.004515
3.780155
3.549215
3.313283
3.073324
2.826724
2.568625
2.297618
2.016665
1.731485
1.445943
1.163288
0.891033
0.636957
0.406979
0.204830
0.032138
-0.112937
-0.236998
-0.347131
-0.452451
-0.564251
-0.687438
-0.821364
-0.965257
-1.116261
-1.268071
-1.414954
-1.553298
-1.681214
-1.798064
-1.903106
-1.998039
-2.088623
-2.181499
-2.283923
-2.400737
-2.530088
-2.667208
-2.810489
-2.960012
-3.111616
-3.259207
-3.395886
-3.516969
-3.622372
-3.716095
-3.803579
-3.887052
-3.968452
-4.052455
-4.139159
-4.222069
-4.294625
-4.354373
-4.401589
-4.435878
-4.456401
-4.462049
-4.453664
-4.435995
-4.414158
-4.388189
-4.355928
-4.317653
-4.276367
-4.237385
-4.202907
-4.171644
-4.144666
-4.123320
-4.105143
-4.085348
-4.059117
-4.024311
-3.979712
-3.920571
-3.842814
-3.745227
-3.629223
-3.498465
-3.356586
-3.207387
-3.054746
-2.899563
-2.741056
-2.580493
-2.418608
-2.253538
-2.082584
-1.903641
-1.716237
-1.521304
-1.320024
-1.114128
-0.907380
-0.704889
-0.512434
-0.336961
-0.183737
-0.057039
0.040822
0.111987
0.161907
0.195506
0.220102
0.247857
0.287501
0.342181
0.410923
0.491250
0.581661
0.679181
0.778801
0.876734
0.969547
1.054626
1.130839
1.196975
1.254584
1.308812
1.362991
1.418628
1.479170
1.546267
1.618426
1.692965
1.766119
1.833174
1.890035
1.934425
1.966846
1.988193
1.996670
1.991124
1.973643
1.948139
1.919620
1.893300
1.871847
1.857042
1.851274
1.857151
1.877166
1.908497
1.941215
1.969685
1.993451
2.010815
2.021447
2.026330
2.027238
2.026969
2.028142
2.031743
2.038666
2.050923
2.070594
2.096399
2.124083
2.149230
2.167849
2.177278
2.178834
2.175985
2.169904
2.160498
2.147272
2.129139
2.105433
2.077237
2.046488
2.014605
1.981430
1.945987
1.908240
1.867454
1.820650
1.765266
1.700850
1.629830
1.559082
1.498843
1.452906
1.419574
1.399433
1.390618
1.386812
1.383349
1.379076
1.372778
1.364914
1.359776
1.361937
1.374457
1.400339
1.441541
1.497127
1.562724
1.631052
1.697049
1.757575
1.805838
1.835866
1.844500
1.829474
1.790034
1.728594
1.646814
1.543969
1.421953
1.284776
1.136531
0.979765
0.817151
0.652969
0.491146
0.335905
0.189329
0.051022
-0.079101
-0.202523
-0.323526
-0.444792
-0.566951
-0.692824
-0.825704
-0.965856
-1.112084
-1.263482
-1.417502
-1.570037
-1.717745
-1.859485
-1.994822
-2.123325
-2.244544
-2.357221
-2.460959
-2.556994
-2.645523
-2.725117
-2.794574
-2.852690
-2.897877
-2.930312
-2.951805
-2.962349
-2.961317
-2.950476
-2.932844
-2.912820
-2.894812
-2.882757
-2.881507
-2.893793
-2.919190
-2.956435
-3.002896
-3.053874
-3.104015
-3.148794
-3.185910
-3.214424
-3.233339
-3.241678
-3.240811
-3.234383
-3.226677
-3.219489
-3.210483
-3.195229
-3.169245
-3.130761
-3.079333
-3.013980
-2.936470
-2.849916
-2.754036
-2.648831
-2.538528
-2.427182
-2.316355
-2.205826
-2.093529
-1.976100
-1.850882
-1.716679
-1.572912
-1.420201
-1.259942
-1.092302
-0.916839
-0.736761
-0.556810
-0.378427
-0.202029
-0.029524
0.138937
0.305143
0.469662
0.632871
0.795810
0.956600
1.109915
1.251527
1.377957
1.483263
1.563364
1.617214
1.644902
1.649584
1.635672
1.603850
1.553007
1.484995
1.401953
1.304994
1.195413
1.075375
0.948451
0.817063
0.682873
0.550294
0.425929
0.318088
0.232394
0.171366
0.138240
0.134372
0.156142
0.198200
0.256553
0.326843
0.402999
0.478741
0.549526
0.613419
0.670669
0.721446
0.767113
0.811003
0.857949
0.913892
0.985510
1.071192
1.163260
1.260596
1.363850
1.470242
1.577410
1.684457
1.790374
1.893466
1.990536
2.080179
2.162273
2.234821
2.296930
2.350032
2.393705
2.427058
2.453601
2.477220
2.500477
2.526147
2.557392
2.597965
2.648200
2.702788
2.755999
2.804433
2.845004
2.873578
2.883724
2.872209
2.841282
2.796508
2.743660
2.686215
2.624478
2.557162
2.484661
2.406459
2.320670
2.227206
2.127470
2.021879
1.910125
1.793209
1.675094
1.560033
1.450667
1.348791
1.256815
1.178355
1.114707
1.062270
1.018913
0.986807
0.965281
0.950148
0.937066
0.922931
0.906111
0.886531
0.863937
0.835993
0.800798
0.757958
0.706365
0.643533
0.566943
0.475265
0.367621
0.243911
0.106035
-0.042390
-0.197933
-0.357292
-0.517039
-0.675923
-0.834517
-0.992394
-1.147460
-1.298656
-1.446513
-1.592394
-1.737734
-1.883291
-2.028780
-2.173858
-2.319313
-2.464772
-2.607689
-2.746808
-2.882332
-3.013079
-3.136505
-3.249141
-3.350121
-3.439831
-3.515239
-3.574627
-3.621206
-3.658474
-3.689535
-3.718429
-3.747889
-3.779469
-3.813310
-3.848238
-3.882589
-3.915147
-3.945951
-3.975758
-4.005328
-4.035357
-4.066944
-4.100762
-4.134373
-4.163493
-4.185669
-4.199554
-4.203203
-4.197196
-4.184673
-4.167599
-4.147644
-4.126388
-4.102051
-4.070899
-4.031513
-3.983332
-3.924381
-3.853620
-3.771030
-3.675308
-3.566486
-3.448083
-3.323809
-3.196902
-3.069627
-2.941249
-2.809934
-2.675914
-2.540774
-2.404193
-2.265494
-2.125382
-1.984936
-1.844983
-1.706131
-1.568282
-1.430769
-1.293010
-1.153270
-1.009731
-0.863757
-0.716564
-0.566975
-0.415083
-0.262962
-0.111083
0.040871
0.189991
0.332413
0.464990
0.584306
0.686505
0.768799
0.831851
0.877756
0.906588
0.918338
0.915640
0.900293
0.872197
0.831586
0.779325
0.717191
0.646691
0.568349
0.482356
0.390042
0.294430
0.197801
0.102157
0.010812
-0.073436
-0.148646
-0.214159
-0.270846
-0.320431
-0.365436
-0.408911
-0.453167
-0.499787
-0.549999
-0.602829
-0.655675
-0.706909
-0.756024
-0.801572
-0.841300
-0.874683
-0.905786
-0.938766
-0.973657
-1.010677
-1.051868
-1.098165
-1.148609
-1.201720
-1.256877
-1.314082
-1.372897
-1.433509
-1.497164
-1.564195
-1.633530
-1.703861
-1.773936
-1.842029
-1.906751
-1.967379
-2.023139
-2.074627
-2.124023
-2.172498
-2.220614
-2.269480
-2.316758
-2.357317
-2.390972
-2.421662
-2.451401
-2.478932
-2.501785
-2.520575
-2.537499
-2.553344
-2.568182
-2.582028
-2.594817
-2.606396
-2.616425
-2.623744
-2.626019
-2.620774
-2.606392
-2.581724
-2.546616
-2.502552
-2.451877
-2.396322
-2.337064
-2.275998
-2.215751
-2.157625
-2.101190
-2.046088
-1.993067
-1.944081
-1.900699
-1.862662
-1.827744
-1.793901
-1.760162
-1.725725
-1.689769
-1.651370
-1.611446
-1.572305
-1.535159
-1.500816
-1.470873
-1.446672
-1.428873
-1.417876
-1.413623
-1.415559
-1.422224
-1.431296
-1.439652
-1.445172
-1.446228
-1.440944
-1.428852
-1.410531
-1.387050
-1.359829
-1.330039
-1.298735
-1.267492
-1.236203
-1.203179
-1.167386
-1.128516
-1.086905
-1.043243
-0.997850
-0.949981
-0.898236
-0.841156
-0.779149
-0.715891
-0.657106
-0.606523
-0.565824
-0.535767
-0.514466
-0.497952
-0.482511
-0.465182
-0.442648
-0.411275
-0.367883
-0.312366
-0.247134
-0.174059
-0.094337
-0.009385
0.080312
0.175470
0.276304
0.382307
0.493428
0.609175
0.727124
0.843716
0.955595
1.062690
1.166541
1.265698
1.358121
1.442982
1.520605
1.592605
1.661734
1.729896
1.798155
1.868206
1.940395
2.012875
2.084237
2.153576
2.218577
2.277957
2.332890
2.384061
2.431358
2.476448
2.522317
2.572020
2.626479
2.685318
2.749669
2.820876
2.899444
2.984846
3.075723
3.170772
3.268947
3.368922
3.469445
3.569189
3.666747
3.760144
3.844854
3.916164
3.971371
4.009324
4.027741
4.021885
3.992944
3.947360
3.889990
3.823494
3.750409
3.675407
3.602146
3.531839
3.464458
3.399387
3.335499
3.270815
3.202102
3.127169
3.046424
2.961720
2.873762
2.780931
2.683538
2.584710
2.486725
2.391120
2.301351
2.221594
2.153821
2.093393
2.033216
1.971160
1.909283
1.851080
1.796284
1.741468
1.683957
1.624517
1.566770
1.512489
1.461726
1.414956
1.373413
1.338143
1.306345
1.273586
1.239388
1.204512
1.168012
1.129816
1.091042
1.051405
1.009467
0.964038
0.914984
0.863201
0.809305
0.753391
0.695349
0.635018
0.572869
0.510862
0.451074
0.393347
0.336292
0.278575
0.219245
0.157895
0.094118
0.026928
-0.045452
-0.122809
-0.202571
-0.282083
-0.359462
-0.433540
-0.503259
-0.568070
-0.628814
-0.686572
-0.741415
-0.793604
-0.843792
-0.891838
-0.937575
-0.981882
-1.024933
-1.066275
-1.107059
-1.148510
-1.189220
-1.227349
-1.262113
-1.293059
-1.320082
-1.343194
-1.362566
-1.378330
-1.390644
-1.400040
-1.407415
-1.413197
-1.417573
-1.422022
-1.428715
-1.437086
-1.444465
-1.449216
-1.451005
-1.449506
-1.443428
-1.431433
-1.413685
-1.392276
-1.370911
-1.352183
-1.336696
-1.324522
-1.315490
-1.309147
-1.303113
-1.293066
-1.276225
-1.251300
-1.216104
-1.171066
-1.119953
-1.065371
-1.010126
-0.959575
-0.916988
-0.883961
-0.863178
-0.855396
-0.857503
-0.866511
-0.884496
-0.913584
-0.950812
-0.992020
-1.035168
-1.080424
-1.127580
-1.173856
-1.217044
-1.256543
-1.292573
-1.325277
-1.353210
-1.375219
-1.391067
-1.400491
-1.404114
-1.403951
-1.400342
-1.391322
-1.377348
-1.361703
-1.347011
-1.334938
-1.326862
-1.321622
-1.316455
-1.311700
-1.309687
-1.311637
-1.316675
-1.321903
-1.324807
-1.324868
-1.324064
-1.323678
-1.322415
-1.319501
-1.315353
-1.310815
-1.306218
-1.299699
-1.287886
-1.267304
-1.236561
-1.196183
-1.145582
-1.084384
-1.014779
-0.939859
-0.861572
-0.780140
-0.695611
-0.609730
-0.524067
-0.438801
-0.353051
-0.265090
-0.173648
-0.079904
0.012482
0.102109
0.190805
0.278762
0.364695
0.448345
0.530435
0.612097
0.694138
0.777521
0.864103
0.954333
1.045889
1.136604
1.224342
1.305507
1.376816
1.434859
1.476339
1.499238
1.504345
1.493983
1.470460
1.437814
1.400279
1.359193
1.315043
1.270505
1.227736
1.188058
1.153094
1.123938
1.101855
1.088430
1.084917
1.090161
1.102408
1.123213
1.153404
1.189543
1.228272
1.267630
1.306527
1.345555
1.385971
1.429023
1.474943
1.521912
1.567410
1.610884
1.652568
1.692017
1.729152
1.763237
1.790989
1.809940
1.820223
1.823577
1.822796
1.819965
1.816038
1.811867
1.807774
1.803068
1.797175
1.789892
1.780914
1.768607
1.750148
1.723184
1.687383
1.644918
1.598139
1.548636
1.498148
1.447959
1.398808
1.351458
1.307521
1.269362
1.239549
1.220846
1.213694
1.216521
1.229820
1.254100
1.286352
1.323391
1.362618
1.400752
1.435214
1.464870
1.489355
1.507551
1.518681
1.523178
1.522680
1.518672
1.510965
1.498023
1.477660
1.449198
1.415063
1.379672
1.344042
1.306661
1.268853
1.231857
1.194825
1.157929
1.122499
1.087538
1.052159
1.019814
0.993946
0.975201
0.963469
0.958699
0.961254
0.971337
0.989067
1.014839
1.048812
1.089281
1.132417
1.176914
1.223364
1.270101
1.315884
1.361606
1.407749
1.453694
1.499430
1.544399
1.586275
1.624820
1.663579
1.705801
1.751156
1.794609
1.832431
1.864712
1.891299
1.911885
1.926479
1.934571
1.934590
1.926334
1.912087
1.895329
1.877801
1.858872
1.837326
1.812044
1.782919
1.749642
1.710436
1.663423
1.607985
1.544880
1.474253
1.394472
1.305338
1.207216
1.098028
0.977542
0.850208
0.718526
0.581925
0.441363
0.298461
0.154825
0.012215
-0.127934
-0.265288
-0.400085
-0.531977
-0.660122
-0.783258
-0.900269
-1.010410
-1.112690
-1.206280
-1.291109
-1.368351
-1.439544
-1.504801
-1.563994
-1.618304
-1.669440
-1.719289
-1.768998
-1.818400
-1.867214
-1.915887
-1.965406
-2.016046
-2.067852
-2.121703
-2.178283
-2.237383
-2.298266
-2.360245
-2.423175
-2.486495
-2.547996
-2.605544
-2.659188
-2.711186
-2.762341
-2.810102
-2.852518
-2.889201
-2.920148
-2.945335
-2.964332
-2.976596
-2.981273
-2.977386
-2.965128
-2.946290
-2.920862
-2.885871
-2.840463
-2.785581
-2.720446
-2.644781
-2.560996
-2.472045
-2.381128
-2.291443
-2.204912
-2.123483
-2.048195
-1.978391
-1.912619
-1.849720
-1.788226
-1.724390
-1.653313
-1.574377
-1.490225
-1.402018
-1.310341
-1.216414
-1.120628
-1.022574
-0.923095
-0.823129
-0.722701
-0.621492
-0.519193
-0.415811
-0.312306
-0.211387
-0.116277
-0.029281
0.049470
0.120257
0.181544
0.233949
0.280737
0.323402
0.361848
0.397204
0.431721
0.467277
0.503031
0.536566
0.566033
0.589769
0.606007
0.613726
0.613868
0.609220
0.601948
0.592994
0.584217
0.578121
0.576706
0.581008
0.590910
0.603298
0.614936
0.627675
0.643729
0.661194
0.678268
0.694719
0.710523
0.726770
0.745855
0.768641
0.794619
0.824416
0.858889
0.898261
0.941756
0.987827
1.035573
1.085030
1.136674
1.190674
1.246700
1.305098
1.366189
1.429101
1.493448
1.560356
1.629869
1.700660
1.772314
1.844482
1.915498
1.984246
2.051042
2.116168
2.178524
2.235411
2.285879
2.331009
2.370302
2.402744
2.429021
2.449337
2.462881
2.470865
2.475368
2.476743
2.475885
2.475259
2.475390
2.475509
2.476178
2.477277
2.476512
2.471865
2.463062
2.450604
2.433454
2.408526
2.376143
2.339849
2.301534
2.261569
2.220648
2.179593
2.138171
2.095160
2.049647
2.001255
1.949661
1.896933
1.847776
1.801315
1.750409
1.696474
1.646994
1.602765
1.562654
1.528609
1.501059
1.478552
1.461686
1.452360
1.452234
1.461335
1.477699
1.498681
1.522497
1.548264
1.573738
1.595711
1.613750
1.628871
1.640015
1.645962
1.646236
1.640148
1.626960
1.605936
1.576200
1.536772
1.487225
1.428120
1.360628
1.285532
1.203328
1.114952
1.022122
0.927663
0.832564
0.736292
0.639552
0.543027
0.446634
0.350421
0.255542
0.163649
0.074465
-0.014049
-0.102777
-0.191989
-0.282535
-0.375047
-0.470032
-0.568269
-0.670827
-0.778058
-0.889497
-1.004483
-1.122032
-1.240939
-1.359691
-1.476391
-1.590127
-1.700757
-1.807513
-1.909635
-2.006772
-2.098941
-2.185787
-2.265919
-2.338249
-2.402804
-2.459561
-2.507677
-2.545862
-2.573185
-2.589646
-2.595105
-2.588753
-2.571135
-2.543726
-2.507174
-2.462968
-2.414413
-2.362730
-2.307573
-2.251101
-2.196134
-2.144294
-2.095393
-2.047759
-1.999438
-1.948606
-1.893726
-1.834101
-1.769185
-1.697872
-1.620029
-1.537302
-1.452265
-1.367889
-1.286515
-1.209510
-1.138896
-1.076611
-1.023387
-0.978211
-0.939728
-0.907921
-0.882935
-0.864220
-0.850428
-0.838894
-0.825492
-0.808809
-0.789804
-0.767969
-0.742571
-0.713728
-0.682673
-0.651257
-0.619876
-0.587005
-0.551771
-0.517710
-0.490694
-0.469721
-0.449970
-0.430687
-0.413796
-0.400698
-0.389801
-0.378951
-0.367675
-0.355581
-0.341457
-0.324252
-0.303166
-0.276663
-0.243867
-0.205010
-0.160629
-0.110482
-0.053017
0.011385
0.079469
0.148591
0.217567
0.286431
0.356146
0.426780
0.496347
0.562703
0.626183
0.687501
0.746220
0.802607
0.857548
0.910953
0.961567
1.007430
1.046942
1.079944
1.107581
1.129184
1.142624
1.150098
1.155159
1.158099
1.159000
1.160129
1.164482
1.171787
1.177947
1.182300
1.188588
1.197055
1.205205
1.212138
1.218649
1.226142
1.234855
1.243839
1.252180
1.260181
1.268883
1.277226
1.281132
1.275599
1.260057
1.238388
1.212509
1.181920
1.146612
1.107961
1.067691
1.025590
0.980585
0.932867
0.882867
0.830489
0.775387
0.717574
0.657848
0.597202
0.536429
0.475940
0.417216
0.363787
0.316308
0.272149
0.231628
0.197239
0.170039
0.149018
0.131770
0.116666
0.102938
0.090225
0.078988
0.069948
0.063339
0.058892
0.056133
0.054661
0.054277
0.054937
0.056420
0.057930
0.059221
0.060862
0.062887
0.064890
0.066936
0.069482
0.073192
0.078505
0.085672
0.095106
0.106736
0.119910
0.134328
0.149754
0.165133
0.179450
0.192374
0.203806
0.213471
0.220924
0.226064
0.229268
0.230815
0.231000
0.230383
0.228378
0.222853
0.213431
0.201556
0.187492
0.170565
0.150388
0.128328
0.106269
0.084193
0.061897
0.040217
0.018503
-0.004882
-0.030069
-0.057389
-0.088821
-0.125193
-0.165827
-0.210471
-0.258763
-0.309567
-0.361651
-0.414249
-0.466996
-0.519496
-0.570591
-0.619413
-0.666092
-0.710851
-0.752267
-0.787469
-0.817697
-0.847189
-0.876885
-0.905468
-0.931318
-0.953322
-0.971174
-0.985055
-0.995601
-1.003690
-1.010220
-1.016381
-1.023904
-1.033354
-1.043568
-1.054149
-1.065716
-1.077738
-1.088434
-1.095402
-1.098337
-1.098108
-1.093672
-1.085540
-1.077554
-1.070739
-1.062735
-1.052778
-1.041658
-1.030502
-1.018915
-1.005899
-0.992277
-0.978900
-0.965519
-0.952164
-0.939329
-0.927122
-0.914667
-0.901560
-0.890250
-0.882468
-0.874163
-0.860889
-0.842182
-0.819723
-0.794896
-0.766511
-0.733528
-0.696655
-0.656748
-0.614910
-0.573007
-0.532000
-0.491440
-0.450521
-0.408132
-0.363178
-0.315215
-0.263852
-0.207906
-0.146687
-0.081257
-0.012263
0.060669
0.136168
0.211817
0.286638
0.360731
0.433995
0.506243
0.577161
0.645914
0.711873
0.774913
0.835026
0.892344
0.947097
0.999346
1.049202
1.097426
1.144750
1.191076
1.235680
1.277853
1.317805
1.355631
1.389756
1.418195
1.439267
1.452420
1.458092
1.456282
1.447218
1.431498
1.409794
1.383403
1.353994
1.320964
1.283470
1.243485
1.199551
1.146369
1.085039
1.021460
0.958153
0.894477
0.829642
0.764254
0.698821
0.632614
0.565292
0.497363
0.428724
0.358925
0.288106
0.216809
0.145523
0.074179
0.002628
-0.068284
-0.136952
-0.202228
-0.265197
-0.327498
-0.388258
-0.444549
-0.493229
-0.534504
-0.570790
-0.603472
-0.633354
-0.661161
-0.687423
-0.712459
-0.736521
-0.758688
-0.778190
-0.797219
-0.817198
-0.835565
-0.851407
-0.865897
-0.877748
-0.886072
-0.893244
-0.900888
-0.908607
-0.915689
-0.920914
-0.922930
-0.921683
-0.918210
-0.912931
-0.905820
-0.896894
-0.886443
-0.874990
-0.862729
-0.849400
-0.834438
-0.817061
-0.796424
-0.771723
-0.742239
-0.707594
-0.668632
-0.626627
-0.581745
-0.534030
-0.484480
-0.434047
-0.383247
-0.332507
-0.281949
-0.231164
-0.179311
-0.126015
-0.072207
-0.019018
0.032917
0.082556
0.129272
0.173890
0.215795
0.251599
0.280588
0.305282
0.327586
0.348175
0.367148
0.384686
0.401265
0.417790
0.434422
0.450530
0.466007
0.480898
0.494876
0.508563
0.523247
0.538265
0.552014
0.564719
0.577600
0.591506
0.606469
0.621988
0.637537
0.652642
0.666800
0.679333
0.689330
0.695775
0.698294
0.696881
0.691230
0.681311
0.667949
0.651740
0.632783
0.611730
0.589382
0.565754
0.540651
0.514923
0.490809
0.470812
0.455401
0.442345
0.428313
0.411527
0.391252
0.366317
0.336085
0.300536
0.260400
0.216899
0.170879
0.122830
0.073830
0.025686
-0.020472
-0.065418
-0.109928
-0.153536
-0.196286
-0.238677
-0.280529
-0.321102
-0.359860
-0.397130
-0.433129
-0.466678
-0.496791
-0.523653
-0.548013
-0.570727
-0.592110
-0.612052
-0.630233
-0.646336
-0.660376
-0.672670
-0.683022
-0.690026
-0.692385
-0.689837
-0.683006
-0.672631
-0.658965
-0.642493
-0.624375
-0.605718
-0.586978
-0.568474
-0.550665
-0.534258
-0.519824
-0.507446
-0.496913
-0.487791
-0.479504
-0.471825
-0.465099
-0.459595
-0.454559
-0.448663
-0.442158
-0.436137
-0.430596
-0.424612
-0.417121
-0.408035
-0.397464
-0.384722
-0.369920
-0.353594
-0.334144
-0.309712
-0.281965
-0.254281
-0.228996
-0.206159
-0.184736
-0.165011
-0.147888
-0.134245
-0.124185
-0.117341
-0.114001
-0.114780
-0.119537
-0.127320
-0.138555
-0.155022
-0.176681
-0.202055
-0.230513
-0.263122
-0.302475
-0.350259
-0.405346
-0.464273
-0.525209
-0.588402
-0.652534
-0.715539
-0.775974
-0.833172
-0.887361
-0.939556
-0.990547
-1.039425
-1.084996
-1.127178
-1.166694
-1.204564
-1.241280
-1.276418
-1.309207
-1.339997
-1.368971
-1.394310
-1.415452
-1.434613
-1.451501
-1.463681
-1.471507
-1.476156
-1.477515
-1.475940
-1.472737
-1.468380
-1.462388
-1.454532
-1.445276
-1.435448
-1.425217
-1.414331
-1.402721
-1.390240
-1.376562
-1.361531
-1.345157
-1.327396
-1.308282
-1.287706
-1.264997
-1.239626
-1.212146
-1.183108
-1.152168
-1.118755
-1.082765
-1.044740
-1.004459
-0.960585
-0.913069
-0.862185
-0.806264
-0.745025
-0.681337
-0.615699
-0.545800
-0.471544
-0.394287
-0.314768
-0.232883
-0.148342
-0.061581
0.026513
0.114918
0.203160
0.291414
0.379671
0.467431
0.554063
0.640225
0.727720
0.816747
0.905205
0.990200
1.071013
1.149104
1.224171
1.294711
1.360358
1.420961
1.475220
1.521856
1.560862
1.593305
1.619485
1.638867
1.653138
1.664954
1.674711
1.682189
1.688340
1.693314
1.696871
1.700472
1.705308
1.710588
1.714363
1.716163
1.719488
1.727241
1.737965
1.749687
1.761749
1.774151
1.786940
1.799845
1.813621
1.829599
1.847153
1.865149
1.884492
1.906489
1.931532
1.958882
1.987222
2.015801
2.044549
2.073112
2.100109
2.124347
2.145950
2.164447
2.177652
2.185115
2.187907
2.185679
2.178177
2.166522
2.151691
2.134129
2.114430
2.093007
2.070118
2.046267
2.021705
1.996278
1.969961
1.942852
1.915118
1.886816
1.857377
1.825511
1.790938
1.755217
1.718859
1.680917
1.641152
1.599733
1.556833
1.513278
1.470426
1.427821
1.383475
1.337852
1.292992
1.249438
1.206828
1.165211
1.125125
1.086770
1.049385
1.012153
0.974784
0.936811
0.897872
0.858417
0.818420
0.776635
0.733217
0.690263
0.649484
0.612024
0.578717
0.548257
0.517909
0.488033
0.460778
0.435995
0.412106
0.387518
0.361977
0.336391
0.311255
0.286127
0.259520
0.230724
0.200165
0.167698
0.132424
0.093278
0.049703
0.001910
-0.049020
-0.102088
-0.157877
-0.216981
-0.278407
-0.340740
-0.402313
-0.461341
-0.516914
-0.568907
-0.617885
-0.665168
-0.711488
-0.756542
-0.799824
-0.841160
-0.880881
-0.918563
-0.952777
-0.982500
-1.007460
-1.028213
-1.046519
-1.065091
-1.084665
-1.104110
-1.123498
-1.143306
-1.163719
-1.184931
-1.207220
-1.230292
-1.253261
-1.275694
-1.297660
-1.319375
-1.341300
-1.364098
-1.388035
-1.412771
-1.437781
-1.463240
-1.490057
-1.518013
-1.545958
-1.573692
-1.601321
-1.628210
-1.654061
-1.678999
-1.702363
-1.723550
-1.743207
-1.761383
-1.776480
-1.787770
-1.795610
-1.799928
-1.800373
-1.796661
-1.789153
-1.778537
-1.764575
-1.746910
-1.726369
-1.703477
-1.677848
-1.650619
-1.624568
-1.600824
-1.579157
-1.560396
-1.545919
-1.536672
-1.532324
-1.531844
-1.534732
-1.540272
-1.546266
-1.550425
-1.552368
-1.553871
-1.556193
-1.557721
-1.556863
-1.553794
-1.549883
-1.546317
-1.542482
-1.537242
-1.530915
-1.525888
-1.525061
-1.527746
-1.531176
-1.534468
-1.538801
-1.545942
-1.555237
-1.564557
-1.572980
-1.580667
-1.588231
-1.595737
-1.601831
-1.604030
-1.600966
-1.593474
-1.581962
-1.565294
-1.542714
-1.515367
-1.486310
-1.457249
-1.426783
-1.394504
-1.362197
-1.330679
-1.299647
-1.269093
-1.239365
-1.211257
-1.185893
-1.164050
-1.144931
-1.127778
-1.113925
-1.104246
-1.097561
-1.091829
-1.086216
-1.082554
-1.081746
-1.081072
-1.078680
-1.075116
-1.071398
-1.068053
-1.064206
-1.058733
-1.050974
-1.041335
-1.030388
-1.017050
-1.000301
-0.980187
-0.956020
-0.926448
-0.891875
-0.853483
-0.810726
-0.762755
-0.710141
-0.654467
-0.597551
-0.539880
-0.480907
-0.420682
-0.359637
-0.298295
-0.236899
-0.175421
-0.113881
-0.052328
0.009258
0.071118
0.133458
0.195906
0.257971
0.319921
0.382192
0.444526
0.505809
0.564867
0.622373
0.679812
0.737909
0.797556
0.859396
0.921934
0.982924
1.042301
1.100488
1.156844
1.211459
1.264884
1.316433
1.365562
1.412942
1.458711
1.502388
1.544202
1.584397
1.622566
1.658456
1.691795
1.721481
1.746518
1.767063
1.784326
1.799519
1.811735
1.818858
1.820491
1.818469
1.815441
1.811985
1.806708
1.797994
1.784955
1.767756
1.747322
1.724742
1.700014
1.673017
1.644512
1.615360
1.586640
1.559702
1.534905
1.511404
1.488632
1.466622
1.444981
1.423147
1.401209
1.379729
1.359137
1.339077
1.318848
1.298592
1.278890
1.260310
1.243315
1.228278
1.215235
1.203871
1.193999
1.185515
1.178309
1.172120
1.166146
1.159149
1.151176
1.143535
1.135866
1.126665
1.115712
1.103291
1.089201
1.073258
1.055395
1.035346
1.012835
0.987978
0.961408
0.933912
0.905809
0.876729
0.847166
0.819247
0.793712
0.769529
0.746179
0.724286
0.705404
0.689663
0.675439
0.662038
0.649636
0.638088
0.627072
0.616223
0.605379
0.594154
0.581265
0.565650
0.547647
0.528580
0.509544
0.489466
0.466071
0.438199
0.406767
0.373628
0.338844
0.301745
0.262580
0.221641
0.179123
0.135626
0.091150
0.044865
-0.002532
-0.049258
-0.096277
-0.145664
-0.197153
-0.248948
-0.299346
-0.348650
-0.397857
-0.446534
-0.494993
-0.545117
-0.596672
-0.646757
-0.692939
-0.735456
-0.776556
-0.816527
-0.854083
-0.889068
-0.922053
-0.953423
-0.982764
-1.009425
-1.033901
-1.056907
-1.078210
-1.097559
-1.115196
-1.131464
-1.146557
-1.160429
-1.172999
-1.184790
-1.197177
-1.211128
-1.225905
-1.240968
-1.257018
-1.273732
-1.289740
-1.304131
-1.316406
-1.325891
-1.331841
-1.334015
-1.333501
-1.331375
-1.327128
-1.320232
-1.311290
-1.301655
-1.292056
-1.282115
-1.271991
-1.262825
-1.255304
-1.249472
-1.245306
-1.242848
-1.242336
-1.243860
-1.246862
-1.250064
-1.252789
-1.255060
-1.256345
-1.255834
-1.253086
-1.247844
-1.239766
-1.228932
-1.215708
-1.199958
-1.181383
-1.160146
-1.136830
-1.112457
-1.088107
-1.064234
-1.040674
-1.017316
-0.994611
-0.973375
-0.953483
-0.932968
-0.910839
-0.888419
-0.867077
-0.847202
-0.827938
-0.808302
-0.787672
-0.765305
-0.740737
-0.714184
-0.686353
-0.657866
-0.628563
-0.597925
-0.566420
-0.535029
-0.504471
-0.474481
-0.444176
-0.413548
-0.383460
-0.354914
-0.327903
-0.302206
-0.279084
-0.259080
-0.240155
-0.220208
-0.198043
-0.173304
-0.146466
-0.117589
-0.086502
-0.053143
-0.017714
0.019719
0.059291
0.100739
0.143102
0.185388
0.227068
0.268172
0.308756
0.348188
0.386116
0.422632
0.457319
0.489684
0.520014
0.548585
0.575120
0.599358
0.620812
0.638573
0.652634
0.664174
0.673998
0.682186
0.688643
0.693251
0.695868
0.696506
0.695466
0.693365
0.690807
0.688117
0.685242
0.682234
0.680092
0.680273
0.683795
0.690146
0.698184
0.708096
0.720610
0.735906
0.753291
0.772056
0.792533
0.814662
0.836860
0.857920
0.877308
0.894416
0.909058
0.921135
0.930223
0.935653
0.937085
0.934963
0.930410
0.923755
0.914364
0.901806
0.886140
0.868155
0.848935
0.829330
0.810017
0.792247
0.777666
0.765236
0.751967
0.737739
0.723987
0.711007
0.699337
0.690091
0.683256
0.678328
0.675882
0.676284
0.679037
0.683427
0.689065
0.696106
0.704817
0.714996
0.725708
0.736620
0.749063
0.763186
0.777424
0.792325
0.809694
0.829430
0.850303
0.872103
0.896628
0.925139
0.955260
0.984432
1.011735
1.036359
1.058098
1.077638
1.095457
1.110970
1.123655
1.133859
1.142799
1.150731
1.156392
1.159611
1.162743
1.169122
1.177419
1.181270
1.180137
1.178548
1.177310
1.174915
1.169564
1.159378
1.143965
1.125501
1.104757
1.079459
1.048768
1.013541
0.974664
0.933242
0.890630
0.847412
0.803670
0.760371
0.719364
0.682227
0.647443
0.611446
0.572490
0.531453
0.490077
0.448491
0.405823
0.362016
0.318292
0.276048
0.234240
0.190774
0.145706
0.100046
0.054079
0.007545
-0.039512
-0.086216
-0.131948
-0.176507
-0.219243
-0.259333
-0.296291
-0.329733
-0.359250
-0.385569
-0.409853
-0.431804
-0.450933
-0.468215
-0.485279
-0.502493
-0.517768
-0.529407
-0.538683
-0.547572
-0.557071
-0.566364
-0.574034
-0.580111
-0.585492
-0.590709
-0.594845
-0.597655
-0.601414
-0.607404
-0.614855
-0.623624
-0.634040
-0.645891
-0.658983
-0.673386
-0.688977
-0.705739
-0.724087
-0.743956
-0.764963
-0.787998
-0.814283
-0.843096
-0.872231
-0.899744
-0.925810
-0.951576
-0.976742
-1.000636
-1.023248
-1.045120
-1.066674
-1.087541
-1.107290
-1.125984
-1.143764
-1.159942
-1.172835
-1.182697
-1.192899
-1.204342
-1.215034
-1.224518
-1.233184
-1.241269
-1.249069
-1.256307
-1.261485
-1.263912
-1.265238
-1.266986
-1.269142
-1.270375
-1.270009
-1.269486
-1.269009
-1.267478
-1.266003
-1.264953
-1.261428
-1.255810
-1.252230
-1.250136
-1.246019
-1.239666
-1.232217
-1.223740
-1.213927
-1.202725
-1.190192
-1.175898
-1.158838
-1.138996
-1.118031
-1.097218
-1.076610
-1.056170
-1.036383
-1.017958
-1.001555
-0.987512
-0.975987
-0.967246
-0.960830
-0.955756
-0.952089
-0.950042
-0.948504
-0.946716
-0.945113
-0.944299
-0.944316
-0.944404
-0.943645
-0.940881
-0.934854
-0.926247
-0.918662
-0.913377
-0.907551
-0.899517
-0.888985
-0.875543
-0.859703
-0.842932
-0.825448
-0.806687
-0.787241
-0.767142
-0.745058
-0.720594
-0.694321
-0.666203
-0.636302
-0.605026
-0.571745
-0.535220
-0.495585
-0.454311
-0.413488
-0.373858
-0.334010
-0.291516
-0.245532
-0.198382
-0.151222
-0.103208
-0.054275
-0.004693
0.045359
0.095089
0.143658
0.191881
0.240384
0.287560
0.332527
0.376572
0.421129
0.466026
0.509154
0.548953
0.585716
0.620749
0.654971
0.687799
0.718057
0.744777
0.767996
0.788449
0.806439
0.821596
0.834119
0.846051
0.858215
0.868255
0.875176
0.880728
0.886552
0.892871
0.898566
0.903508
0.908696
0.914120
0.919087
0.923167
0.926284
0.928605
0.930319
0.931642
0.932834
0.933981
0.935039
0.936297
0.938402
0.942066
0.947238
0.953269
0.960297
0.968741
0.978287
0.988508
0.999358
1.011050
1.023507
1.035983
1.048214
1.060680
1.073431
1.086431
1.100128
1.114282
1.127814
1.140681
1.154035
1.169096
1.186064
1.203848
1.220929
1.235874
1.248254
1.258962
1.269146
1.278828
1.287314
1.294123
1.298600
1.300008
1.298359
1.293623
1.284784
1.271862
1.256198
1.238086
1.217107
1.193668
1.168521
1.142309
1.115259
1.087407
1.058929
1.029345
0.998791
0.970322
0.946761
0.927627
0.911458
0.897158
0.884116
0.872333
0.861962
0.852829
0.844300
0.835736
0.826701
0.816959
0.806687
0.796245
0.785471
0.773840
0.760965
0.747058
0.732990
0.719351
0.705016
0.687162
0.665323
0.641463
0.616444
0.590222
0.562606
0.533824
0.504363
0.474363
0.443936
0.413259
0.381778
0.348940
0.315504
0.281921
0.247491
0.212177
0.176749
0.141609
0.106423
0.070692
0.035083
0.000696
-0.032483
-0.064333
-0.093812
-0.120987
-0.146699
-0.170592
-0.192282
-0.212216
-0.230594
-0.247582
-0.264020
-0.280105
-0.294772
-0.307985
-0.320757
-0.333178
-0.344908
-0.355927
-0.366328
-0.376150
-0.385515
-0.394898
-0.405064
-0.416065
-0.427506
-0.439675
-0.452849
-0.466371
-0.478911
-0.490306
-0.502867
-0.517738
-0.533312
-0.548945
-0.564807
-0.580043
-0.594283
-0.608381
-0.622714
-0.636775
-0.649965
-0.662555
-0.675694
-0.689459
-0.703040
-0.716371
-0.729814
-0.743641
-0.757993
-0.772879
-0.788235
-0.804281
-0.821879
-0.841952
-0.864113
-0.885805
-0.905112
-0.922303
-0.938267
-0.953695
-0.968562
-0.983074
-0.998174
-1.014491
-1.032235
-1.051653
-1.072751
-1.095205
-1.118542
-1.142420
-1.166497
-1.190058
-1.212266
-1.233161
-1.253281
-1.272629
-1.290839
-1.307410
-1.321979
-1.334334
-1.344161
-1.351179
-1.355208
-1.356075
-1.353701
-1.348202
-1.340026
-1.329973
-1.318764
-1.306733
-1.293761
-1.279659
-1.264585
-1.248779
-1.232703
-1.216983
-1.201339
-1.184839
-1.167815
-1.151268
-1.135241
-1.119419
-1.103816
-1.088491
-1.073260
-1.057834
-1.042191
-1.026133
-1.008655
-0.988765
-0.965992
-0.940355
-0.912400
-0.882868
-0.852247
-0.820767
-0.788548
-0.755650
-0.722342
-0.688604
-0.654058
-0.618735
-0.582644
-0.544941
-0.505141
-0.463755
-0.421227
-0.377023
-0.329668
-0.279315
-0.228713
-0.179408
-0.130788
-0.081819
-0.032089
0.017947
0.067984
0.117721
0.166497
0.213874
0.259772
0.303970
0.346040
0.385464
0.421984
0.455716
0.487032
0.516030
0.542132
0.565329
0.586512
0.605712
0.621664
0.633031
0.640942
0.648664
0.657172
0.665790
0.674881
0.684284
0.693040
0.701332
0.710161
0.719974
0.730234
0.739963
0.749115
0.758377
0.768248
0.778418
0.788352
0.798580
0.809658
0.821374
0.834267
0.849465
0.866429
0.883531
0.899947
0.916343
0.934095
0.953245
0.972651
0.991130
1.008766
1.026375
1.043501
1.058909
1.071608
1.081817
1.090452
1.097749
1.103588
1.107588
1.108889
1.107178
1.103801
1.099809
1.094278
1.086241
1.075980
1.064461
1.051690
1.036653
1.019938
1.002985
0.985481
0.966596
0.946494
0.926016
0.906016
0.886694
0.867782
0.848847
0.829269
0.808742
0.787749
0.766275
0.743307
0.718502
0.692100
0.664270
0.635960
0.608709
0.582641
0.556825
0.531347
0.507717
0.487626
0.470148
0.452773
0.434639
0.416605
0.399834
0.384325
0.369411
0.354963
0.341525
0.329715
0.319013
0.308360
0.297629
0.287375
0.277956
0.269050
0.260404
0.252338
0.244078
0.234125
0.223597
0.214752
0.207139
0.198861
0.188777
0.177579
0.167555
0.160009
0.154478
0.150128
0.146076
0.141738
0.137032
0.131338
0.124241
0.116965
0.110253
0.102763
0.093936
0.084743
0.075830
0.067033
0.057676
0.047808
0.037883
0.027491
0.016250
0.004541
-0.007515
-0.019994
-0.032386
-0.044600
-0.057449
-0.071309
-0.085922
-0.101199
-0.117470
-0.135227
-0.153961
-0.172309
-0.189391
-0.205290
-0.220547
-0.235155
-0.248695
-0.261064
-0.272703
-0.284141
-0.294689
-0.303465
-0.311439
-0.319646
-0.327842
-0.335501
-0.342459
-0.349252
-0.356388
-0.363729
-0.370601
-0.376601
-0.382570
-0.389510
-0.397757
-0.407381
-0.418526
-0.431345
-0.445060
-0.458325
-0.471183
-0.484292
-0.496955
-0.508127
-0.517479
-0.525499
-0.532698
-0.538619
-0.542811
-0.545409
-0.546463
-0.545884
-0.544006
-0.541919
-0.540508
-0.540146
-0.540837
-0.541999
-0.542841
-0.542895
-0.541969
-0.539843
-0.536214
-0.530558
-0.522726
-0.513151
-0.502278
-0.490269
-0.477001
-0.462476
-0.447194
-0.431654
-0.416332
-0.401897
-0.388468
-0.375904
-0.365681
-0.359223
-0.354606
-0.349618
-0.344699
-0.340667
-0.337573
-0.335356
-0.333941
-0.333010
-0.332317
-0.332141
-0.333246
-0.335722
-0.338240
-0.339820
-0.340414
-0.340002
-0.338521
-0.335935
-0.332495
-0.328479
-0.323724
-0.317944
-0.311084
-0.303242
-0.294975
-0.287404
-0.280658
-0.273142
-0.264292
-0.255000
-0.245565
-0.235827
-0.225635
-0.214962
-0.203936
-0.192833
-0.181924
-0.171342
-0.161394
-0.152518
-0.144653
-0.137066
-0.129312
-0.121410
-0.113337
-0.104912
-0.095719
-0.085814
-0.075760
-0.065744
-0.055380
-0.044215
-0.032726
-0.021725
-0.010498
0.001833
0.014585
0.026914
0.038767
0.050837
0.063662
0.076845
0.090136
0.103686
0.117271
0.130240
0.141903
0.152412
0.162569
0.172628
0.182519
0.192800
0.204892
0.219987
0.236605
0.251978
0.264902
0.276187
0.287627
0.299200
0.309855
0.319604
0.329116
0.338852
0.348372
0.357298
0.366309
0.375906
0.385640
0.394663
0.402564
0.409532
0.415380
0.419597
0.422466
0.424377
0.424613
0.422169
0.416985
0.410690
0.404903
0.399518
0.393738
0.386516
0.376788
0.364367
0.350059
0.334273
0.316779
0.297811
0.277619
0.255877
0.232427
0.207749
0.182284
0.155181
0.124458
0.090693
0.056884
0.023129
-0.011976
-0.047797
-0.083714
-0.120157
-0.157187
-0.194270
-0.231110
-0.268346
-0.306937
-0.346274
-0.384942
-0.422810
-0.460680
-0.499226
-0.538430
-0.578253
-0.619347
-0.661902
-0.705035
-0.747672
-0.789489
-0.831223
-0.872680
-0.912107
-0.949635
-0.986474
-1.021795
-1.054994
-1.086974
-1.117581
-1.145898
-1.172020
-1.195685
-1.215906
-1.234083
-1.252608
-1.270698
-1.286790
-1.300778
-1.312077
-1.319821
-1.325316
-1.329870
-1.332200
-1.331703
-1.329450
-1.325564
-1.319429
-1.310981
-1.300333
-1.287450
-1.272116
-1.253492
-1.230324
-1.203317
-1.175583
-1.148173
-1.120153
-1.091772
-1.063210
-1.033871
-1.003838
-0.973558
-0.942410
-0.909585
-0.874837
-0.837960
-0.798876
-0.758155
-0.716468
-0.673920
-0.630338
-0.585762
-0.540768
-0.495991
-0.451810
-0.408557
-0.367016
-0.328396
-0.292494
-0.256661
-0.218855
-0.179201
-0.138874
-0.099138
-0.060107
-0.021359
0.017187
0.055277
0.092546
0.128870
0.164929
0.202024
0.240006
0.277794
0.315533
0.353438
0.390939
0.428017
0.465221
0.502584
0.539794
0.576613
0.613166
0.649925
0.687266
0.724907
0.761769
0.797355
0.831901
0.865438
0.897823
0.928627
0.957300
0.983344
1.006654
1.027237
1.044704
1.059122
1.071050
1.080444
1.087043
1.091286
1.093816
1.095000
1.094876
1.093817
1.093191
1.093854
1.095424
1.097167
1.098734
1.100336
1.101932
1.103072
1.103574
1.103570
1.103053
1.101630
1.098539
1.093242
1.085690
1.076283
1.065507
1.053553
1.040455
1.026558
1.012720
0.999055
0.984626
0.969213
0.953954
0.940680
0.930260
0.921411
0.912430
0.902397
0.891878
0.881853
0.872073
0.862440
0.853541
0.845550
0.837766
0.829068
0.819199
0.809175
0.799933
0.791891
0.784873
0.777961
0.769993
0.761228
0.752919
0.745039
0.737367
0.730535
0.724125
0.716551
0.707881
0.699919
0.694328
0.691343
0.689827
0.688704
0.687956
0.688948
0.691526
0.692511
0.690867
0.688449
0.686039
0.683373
0.679977
0.675698
0.670724
0.665284
0.659889
0.655205
0.650745
0.644820
0.637380
0.629613
0.621420
0.612292
0.602162
0.590835
0.578148
0.564859
0.551871
0.539139
0.526052
0.512092
0.497614
0.483209
0.468703
0.454040
0.439791
0.426046
0.412603
0.399950
0.388470
0.377837
0.367903
0.358859
0.350569
0.342630
0.334782
0.327352
0.321023
0.315705
0.310798
0.306093
0.301599
0.297206
0.292743
0.288019
0.282668
0.276273
0.268593
0.259876
0.250706
0.241210
0.230973
0.219324
0.205864
0.190829
0.174862
0.158239
0.140186
0.120486
0.100552
0.081624
0.063524
0.044457
0.022401
-0.003159
-0.030756
-0.058207
-0.085511
-0.113591
-0.142135
-0.170821
-0.199695
-0.228256
-0.256024
-0.283384
-0.310009
-0.334153
-0.355509
-0.375379
-0.394540
-0.413212
-0.431273
-0.448440
-0.464702
-0.480884
-0.498001
-0.515891
-0.533344
-0.548712
-0.561523
-0.572476
-0.581885
-0.589919
-0.597117
-0.604564
-0.612997
-0.621140
-0.627732
-0.633838
-0.640078
-0.645637
-0.650243
-0.654430
-0.658708
-0.663035
-0.666803
-0.669957
-0.673068
-0.676312
-0.679557
-0.682472
-0.684209
-0.683846
-0.681832
-0.679399
-0.676773
-0.673320
-0.668041
-0.660364
-0.650462
-0.639271
-0.627714
-0.615878
-0.603905
-0.592188
-0.580682
-0.569192
-0.558166
-0.548170
-0.539442
-0.531753
-0.524568
-0.517656
-0.511119
-0.505336
-0.500641
-0.497089
-0.494282
-0.491646
-0.488880
-0.485871
-0.482459
-0.478276
-0.473171
-0.467571
-0.461631
-0.454736
-0.446755
-0.437989
-0.427972
-0.416247
-0.403244
-0.389568
-0.375535
-0.361209
-0.346723
-0.332553
-0.318852
-0.305287
-0.291648
-0.277703
-0.263001
-0.247986
-0.234504
-0.223409
-0.213858
-0.204631
-0.195238
-0.186458
-0.178298
-0.169766
-0.161019
-0.152912
-0.145352
-0.137753
-0.129725
-0.121348
-0.112983
-0.104730
-0.096574
-0.088473
-0.080289
-0.071872
-0.063468
-0.055898
-0.050021
-0.045093
-0.039137
-0.032024
-0.024606
-0.016662
-0.008253
-0.000026
0.008327
0.017653
0.027796
0.037756
0.046369
0.053752
0.061161
0.069360
0.078347
0.087451
0.096243
0.104799
0.113351
0.122047
0.130710
0.139283
0.147845
0.156182
0.164010
0.171461
0.178783
0.185993
0.192899
0.199310
0.205327
0.211146
0.216853
0.222447
0.227971
0.233535
0.238932
0.243544
0.247285
0.250611
0.253384
0.255308
0.256753
0.257894
0.258369
0.258244
0.257980
0.257868
0.257928
0.257953
0.257565
0.256679
0.255938
0.255674
0.255186
0.254037
0.252339
0.250115
0.247527
0.244956
0.242413
0.239570
0.236576
0.233701
0.230633
0.227000
0.222713
0.217819
0.212619
0.207537
0.202407
0.196572
0.190420
0.185095
0.180977
0.177617
0.174062
0.169694
0.164480
0.158830
0.153212
0.147582
0.141950
0.136487
0.131055
0.125490
0.120093
0.115013
0.110079
0.105509
0.101569
0.097953
0.094455
0.091319
0.088537
0.085958
0.083731
0.081831
0.079648
0.076708
0.073169
0.069853
0.067550
0.066175
0.065066
0.063545
0.061709
0.059930
0.058034
0.055927
0.053785
0.051581
0.049229
0.046913
0.044711
0.042458
0.040216
0.038210
0.036469
0.034922
0.033538
0.032303
0.031201
0.030217
0.029275
0.028205
0.026992
0.025825
0.024789
0.023811
0.022759
0.021536
0.020124
0.018552
0.016843
0.014956
0.012938
0.010934
0.008927
0.006803
0.004635
0.002569
0.000685
-0.001015
-0.002552
-0.003918
-0.005150
-0.006345
-0.007527
-0.008665
-0.009790
-0.010965
-0.012235
-0.013569
-0.014849
-0.015972
-0.016899
-0.017695
-0.018444
-0.019153
-0.019722
-0.020103
-0.020473
-0.020948
-0.021384
-0.021730
-0.022070
-0.022399
-0.022649
-0.022768
-0.022782
-0.022724
-0.022515
-0.022017
-0.021164
-0.020132
-0.019307
-0.018902
-0.018867
-0.019009
-0.019207
-0.019528
-0.020022
-0.020641
-0.021267
-0.021909
-0.022721
-0.023697
-0.024742
-0.025900
-0.027198
-0.028555
-0.029949
-0.031403
-0.032866
-0.034311
-0.035798
-0.037336
-0.038919
-0.040642
-0.042486
-0.044202
-0.045679
-0.046980
-0.048105
-0.049077
-0.049988
-0.050854
-0.051613
-0.052267
-0.052841
-0.053329
-0.053728
-0.054057
-0.054337
-0.054598
-0.054860
-0.055094
-0.055249
-0.055356
-0.055464
-0.055536
-0.055516
-0.055396
-0.055207
-0.054965
-0.054610
-0.054121
-0.053571
-0.052986
-0.052323
-0.051574
-0.050765
-0.049932
-0.049071
-0.048156
-0.047203
-0.046236
-0.045245
-0.044229
-0.043208
-0.042193
-0.041177
-0.040149
-0.039104
-0.038052
-0.037000
-0.035958
-0.034919
-0.033882
-0.032851
-0.031841
-0.030865
-0.029920
-0.029001
-0.028116
-0.027264
-0.026442
-0.025655
-0.024913
-0.024214
-0.023558
-0.022945
-0.022369
-0.021830
-0.021337
-0.020892
-0.020480
-0.020092
-0.019726
-0.019380
-0.019055
-0.018748
-0.018450
-0.018151
-0.017854
-0.017567
-0.017293
-0.017029
-0.016770
-0.016514
-0.016260
-0.016006
-0.015753
-0.015503
-0.015254
-0.015004
-0.014751
-0.014496
-0.014240
-0.013982
-0.013722
-0.013460
-0.013195
-0.012928
-0.012659
-0.012389
-0.012116
-0.011842
-0.011569
-0.011295
-0.011019
-0.010741
-0.010462
-0.010183
-0.009902
-0.009621
-0.009340
-0.009059
-0.008776
-0.008494
-0.008211
-0.007927
-0.007642
-0.007357
-0.007072
-0.006786
-0.006499
-0.006212
-0.005924
-0.005635
-0.005345
-0.005055
-0.004764
-0.004472
-0.004179
-0.003886
-0.003591
-0.003295
-0.002998
-0.002699
-0.002400
-0.002099
-0.001797
-0.001493
-0.001187
-0.000880
-0.000572
-0.000261
0.000051
