0.000000
-0.071823
-0.143651
-0.215693
-0.287674
-0.359029
-0.431004
-0.504147
-0.574674
-0.641118
-0.707465
-0.774447
-0.840700
-0.909607
-0.980699
-1.044040
-1.098620
-1.157340
-1.222219
-1.284378
-1.336304
-1.380818
-1.432354
-1.488375
-1.539356
-1.597088
-1.671485
-1.747923
-1.799337
-1.818148
-1.830865
-1.857516
-1.882789
-1.887073
-1.896200
-1.969603
-2.088777
-2.149296
-2.128142
-2.128678
-2.203120
-2.290689
-2.341527
-2.366527
-2.401121
-2.447603
-2.515039
-2.671950
-2.864756
-2.867693
-2.640324
-2.471071
-2.504277
-2.519438
-2.398641
-2.318017
-2.371045
-2.456735
-2.529079
-2.582416
-2.581157
-2.524355
-2.411167
-2.287957
-2.270814
-2.342722
-2.362269
-2.313366
-2.311462
-2.394987
-2.492195
-2.587873
-2.715627
-2.789180
-2.734949
-2.736427
-2.938074
-3.140642
-3.158188
-3.099536
-3.112663
-3.156567
-3.195615
-3.341481
-3.518418
-3.454545
-3.204031
-3.151536
-3.375841
-3.504372
-3.389019
-3.279443
-3.189772
-2.947955
-2.677368
-2.593117
-2.628782
-2.589212
-2.568120
-2.774021
-3.049677
-3.124453
-3.123120
-3.171076
-3.080292
-2.954787
-3.068880
-3.208789
-3.106922
-2.959891
-3.014163
-3.146757
-3.117184
-3.114275
-3.393489
-3.575212
-3.328814
-3.058160
-3.154162
-3.511784
-3.883416
-4.153300
-4.503921
-4.905413
-5.158114
-5.439191
-5.766913
-5.884160
-5.654448
-5.160104
-4.739987
-4.766437
-5.310141
-5.938928
-5.923740
-5.052869
-3.867403
-3.058379
-3.107755
-3.991638
-4.880589
-4.943329
-4.422060
-4.076192
-4.165192
-4.385836
-4.183362
-3.341759
-2.347053
-1.782073
-1.804835
-2.188506
-2.469998
-2.295727
-1.807436
-1.570202
-1.946313
-2.728705
-3.441030
-3.720245
-3.459416
-2.936767
-2.793211
-3.349624
-4.083275
-4.355072
-4.152559
-3.924602
-3.977583
-4.105167
-4.135263
-4.308466
-4.683549
-4.876438
-4.721852
-4.509672
-4.345947
-4.106488
-4.062046
-4.424497
-4.596679
-4.124068
-3.460886
-3.104483
-3.143898
-3.592336
-4.273278
-4.692506
-4.676921
-4.585188
-4.723900
-5.163353
-5.741620
-6.268594
-6.834938
-7.440285
-7.738681
-7.782937
-8.216107
-9.196751
-10.358760
-11.506540
-12.367590
-12.695780
-12.764710
-12.989850
-13.440190
-13.870910
-14.108860
-14.372750
-14.924360
-15.768490
-16.941550
-18.475890
-19.979070
-20.803770
-20.642100
-19.848660
-18.906410
-17.620680
-15.474890
-12.448060
-8.955001
-5.325883
-1.746905
1.369735
3.673523
5.775422
8.804488
12.947260
17.358140
21.323720
24.705120
27.631080
30.409820
33.319590
36.198950
38.372820
39.085760
38.133080
36.181300
33.833090
30.869270
27.370980
24.024090
20.691480
16.540450
11.786690
7.708332
4.859959
2.536631
-0.057326
-2.989118
-5.802876
-7.884180
-8.628412
-8.168624
-7.307998
-6.047668
-3.436683
0.819864
5.966626
11.218060
15.852510
19.018670
20.304280
20.195830
19.674930
19.318220
19.008490
18.301310
17.050980
15.604900
13.888650
11.126500
6.886328
1.823463
-2.779128
-6.190222
-8.724088
-10.864770
-12.750110
-14.712200
-17.288320
-20.564380
-23.455920
-24.645430
-24.506920
-23.843700
-22.193930
-19.585800
-17.156010
-15.412230
-13.598350
-10.584600
-6.553402
-2.762923
0.325958
2.685645
3.913071
3.969754
3.737932
4.136598
4.646012
4.035152
2.070776
-0.386261
-2.227394
-3.143068
-3.500758
-3.284391
-2.642387
-2.577601
-3.323938
-3.866152
-3.832590
-3.897476
-4.529628
-5.512680
-6.712354
-8.331260
-9.782638
-9.999237
-8.974002
-7.440110
-5.869954
-4.731989
-4.542359
-5.044094
-5.457857
-5.483702
-5.098891
-4.187278
-3.123273
-2.399059
-1.820781
-1.074333
-0.404300
-0.666354
-2.464069
-5.365873
-8.521025
-11.144520
-12.710060
-13.197940
-12.832600
-12.129920
-11.952010
-12.787130
-14.546950
-16.790670
-18.513230
-18.734440
-17.541840
-15.760430
-14.039980
-13.201770
-14.127340
-16.425200
-18.484920
-19.473450
-20.300900
-21.921350
-24.093390
-26.165050
-27.705670
-28.629460
-29.032810
-28.871310
-28.944960
-30.248680
-31.945890
-32.938920
-33.272450
-32.794550
-31.342100
-29.373090
-27.613700
-26.654860
-26.124170
-25.589980
-25.351690
-24.791760
-22.698450
-18.981170
-14.431980
-10.075220
-6.460258
-2.800178
1.263621
4.424063
6.535043
8.872608
11.189680
12.878340
15.429730
19.942720
24.591630
26.932610
27.070850
27.127820
28.012800
29.295450
30.669340
30.559190
27.189050
20.894150
14.010320
10.094090
9.925712
10.285320
9.435096
8.188407
6.881210
6.226887
7.483255
10.994620
15.959030
19.558840
19.626540
18.806130
20.216660
22.352720
22.806100
21.907810
20.892310
20.296690
20.165890
20.902690
22.695870
24.449700
25.746890
27.181920
28.780140
30.743470
33.649600
35.726630
34.641250
32.067800
29.991630
28.092890
27.869580
30.610750
32.963940
32.124230
30.117530
29.398910
30.169470
31.357450
32.457040
33.154840
31.255380
26.088700
19.783160
14.205950
12.036090
14.427680
18.366730
21.575680
24.214280
26.721410
29.532310
32.803150
36.429220
40.284820
43.126030
43.710260
42.848430
41.911810
41.987730
44.190860
48.249900
52.342560
55.514780
57.755920
58.396050
58.661060
61.297010
65.634700
69.724390
73.942330
77.482730
78.020930
76.142270
74.128670
72.177810
69.532350
66.638290
63.636500
59.167180
52.514990
45.784210
41.399950
39.055310
38.586270
40.856030
43.605670
42.411320
36.524890
31.711580
34.247450
43.097730
53.853380
65.634230
77.841000
84.549440
81.382760
76.503100
79.656990
87.344060
92.479080
96.777270
104.047300
108.963600
105.851300
98.041770
88.628040
77.577750
66.035930
54.519630
42.518710
31.246040
22.235120
15.552670
12.174400
12.920140
16.083190
21.067110
29.251240
40.510940
54.261270
67.703000
74.272230
72.572930
66.376950
56.741940
45.127630
35.922940
34.252540
42.904290
55.464110
61.623370
59.505670
51.195810
38.048650
23.733850
11.795410
2.489287
-6.098783
-13.772070
-15.339610
-5.868953
10.348340
23.141600
25.538930
16.761440
2.695456
-10.151280
-20.309770
-28.182410
-33.292750
-36.892300
-42.429970
-51.386040
-61.405990
-68.157640
-69.218570
-66.824210
-65.423500
-66.659510
-67.510220
-65.769820
-64.127150
-65.242240
-67.969130
-70.531480
-72.606940
-73.720340
-74.056370
-75.502980
-78.443170
-81.178340
-83.563680
-85.857110
-85.499020
-81.708380
-78.542820
-78.005430
-78.106710
-79.064980
-82.889910
-88.916070
-95.262640
-101.647200
-108.067600
-112.247800
-111.985200
-108.428300
-103.738100
-100.008800
-100.061700
-104.096500
-109.386100
-114.527500
-119.139200
-122.195800
-123.341400
-122.445600
-119.125200
-113.624400
-106.241900
-97.388130
-88.265270
-80.454940
-74.898300
-71.711330
-70.709760
-70.475670
-68.479030
-64.195700
-58.845360
-52.857570
-47.541150
-45.231280
-47.286760
-53.576060
-61.416510
-67.160250
-70.048260
-72.368830
-76.018350
-81.088270
-87.326930
-93.756540
-96.819820
-92.922750
-84.595390
-78.855050
-79.259280
-84.307370
-91.448290
-98.787170
-103.712500
-103.164200
-96.997730
-89.136410
-82.408410
-76.875350
-73.583080
-72.378850
-69.522670
-63.546980
-57.145990
-52.001030
-48.148850
-45.658690
-43.998360
-42.092530
-39.810340
-38.135530
-36.166900
-31.085840
-24.238100
-20.120650
-19.999210
-22.387320
-25.821500
-29.798830
-33.740320
-36.440690
-38.065200
-39.784530
-42.503970
-48.044900
-57.603640
-69.025220
-77.246640
-78.363840
-73.363730
-66.732320
-61.776010
-58.306780
-55.416300
-51.150610
-41.971610
-29.550120
-19.782370
-13.584630
-7.669864
-1.349941
3.360938
6.428545
10.470630
17.079570
25.109020
31.883960
35.722150
37.337770
37.770210
36.878980
35.897960
37.943770
43.456030
50.495490
58.220110
64.952990
68.779630
71.618730
76.062210
81.009970
84.601270
86.894110
88.366640
88.057940
84.991090
81.819960
82.416630
86.331050
90.614130
93.507600
95.016180
96.342720
97.407550
96.803020
94.379800
90.460230
84.495790
77.954650
75.321060
78.074370
81.971170
83.277890
82.390040
81.222850
81.340010
83.015610
85.032670
85.917240
84.108860
79.243620
74.002200
70.975890
69.799910
70.062140
72.105330
74.007780
72.528140
67.174330
60.303540
54.544760
52.102230
53.997160
59.066930
64.510640
67.799760
67.959380
65.368520
62.062030
60.641150
61.908980
64.610020
66.368070
65.430470
62.208020
58.434450
55.357050
53.352660
52.262130
51.254120
49.882670
48.976440
48.756130
48.155360
47.032190
45.960450
44.213860
40.608140
35.522110
30.462810
25.708060
20.323560
13.961410
6.893059
-0.315154
-6.574052
-10.787840
-12.834260
-12.834180
-10.663310
-8.160488
-8.252981
-10.157740
-10.018150
-7.010692
-4.131196
-3.160178
-2.766974
-1.381512
0.161841
0.790360
1.997757
4.589175
6.157022
4.814936
2.102399
0.730780
1.121540
2.221725
3.832344
5.454416
5.691184
4.566956
4.090197
5.203964
6.896625
8.301691
8.995443
9.162686
9.396697
9.008685
7.103009
4.888762
3.809822
2.861892
0.662793
-2.003918
-4.119902
-6.615354
-10.484390
-14.691060
-17.424290
-18.224110
-18.019400
-17.497690
-16.468660
-15.025500
-14.449550
-15.516990
-16.570870
-15.604420
-12.959470
-10.258770
-8.777027
-8.737120
-9.926087
-12.470810
-15.415640
-17.080960
-17.466020
-17.371290
-16.918130
-16.937740
-18.155360
-19.882340
-21.770060
-23.766230
-24.424610
-22.664270
-19.772430
-17.549440
-16.587790
-16.468260
-16.276850
-15.589820
-14.399760
-12.470170
-9.831312
-6.734815
-3.575281
-1.275402
-0.414203
-0.752294
-1.894521
-3.255456
-4.323638
-5.587462
-7.686791
-9.808475
-10.628780
-10.021130
-9.159982
-9.309331
-10.708920
-13.114700
-16.767320
-21.321210
-24.626010
-25.218090
-24.537900
-24.371000
-24.432460
-24.057450
-23.582420
-23.620680
-24.677480
-26.426630
-28.060750
-29.259080
-29.852680
-29.698270
-28.891610
-27.977190
-27.689450
-28.107720
-29.105520
-31.286290
-34.196080
-35.500070
-34.998630
-35.564470
-37.880430
-40.091290
-42.178000
-45.605670
-49.588410
-51.218190
-50.011420
-48.161270
-46.765310
-45.511700
-44.441230
-43.558440
-41.758300
-38.437490
-33.943280
-28.540480
-23.256760
-19.018230
-15.514190
-12.108000
-8.507354
-4.769792
-0.468088
4.875725
9.984313
12.743910
13.479700
14.736620
17.342570
19.891540
20.839590
19.445820
16.801450
14.890960
14.272310
14.827440
16.950190
20.142600
22.791270
23.917470
23.293290
20.871650
18.090780
17.145530
17.495100
17.397810
17.213500
16.849500
14.906340
12.152000
10.365760
9.083892
7.213758
5.622998
6.520081
10.414630
14.902400
18.050790
20.874620
23.705740
24.209540
22.926510
22.675290
22.339810
20.446660
19.535650
21.940840
26.963330
32.381810
36.218930
38.375240
39.104460
37.528030
33.998640
30.721190
29.043500
28.419400
28.463090
29.520850
30.984930
31.547070
31.196140
30.913660
31.073570
30.731970
28.819020
26.088160
23.581280
21.088450
18.572000
16.224910
14.293100
14.129460
16.956940
21.963460
27.020780
30.325400
31.190310
30.318900
28.887200
27.613210
26.857190
26.727590
27.287350
28.022110
27.201700
23.760440
19.614230
17.378630
16.893400
16.693530
17.201580
18.328090
16.608840
10.493770
3.684139
-0.409550
-2.290453
-3.500317
-4.115608
-4.163248
-4.959331
-7.616496
-11.546330
-15.242660
-18.285550
-20.555080
-21.215480
-20.939530
-21.281630
-21.920540
-22.095480
-23.013520
-25.500730
-27.852870
-28.961220
-29.664910
-29.840440
-28.384370
-25.600310
-23.250440
-22.929900
-24.781300
-27.142740
-28.178030
-27.936780
-27.539010
-27.731620
-28.334550
-28.236800
-26.865000
-24.865200
-23.092380
-21.921880
-21.183220
-20.417830
-19.510500
-18.941180
-18.964700
-19.179610
-19.275110
-19.124980
-18.368200
-16.591640
-14.139150
-11.995830
-10.396470
-8.967293
-7.828102
-7.448840
-8.262351
-10.455330
-13.352900
-15.849400
-17.179750
-16.855340
-15.164030
-12.898840
-10.651450
-9.487173
-10.561180
-13.326660
-15.387290
-15.827390
-16.386050
-17.573070
-18.365390
-19.075230
-20.405990
-21.527220
-21.396440
-20.932900
-21.761030
-23.394800
-24.678870
-25.983870
-27.490870
-28.730160
-29.951110
-31.728810
-34.173630
-37.031570
-39.470580
-39.865980
-37.352980
-33.202870
-29.547260
-27.559920
-27.200360
-27.550730
-27.124130
-25.044230
-21.603810
-17.378840
-12.976520
-9.212538
-6.539228
-4.890268
-4.280282
-4.675720
-5.213171
-4.745680
-3.332776
-1.323695
1.661272
5.253924
8.139879
10.013310
11.545080
12.416180
11.585070
9.283556
7.133189
5.820787
4.481010
2.836325
1.311572
-0.597519
-3.667383
-7.541657
-11.171790
-13.523180
-13.808360
-12.178120
-10.273710
-9.493025
-9.119609
-7.900274
-5.834591
-3.601022
-1.680368
-0.556123
-0.736975
-1.613827
-1.450014
0.603226
3.992363
8.100409
12.372410
15.909370
18.365360
20.441220
22.548320
24.199550
25.126540
25.339690
24.528930
22.953350
21.497900
19.989850
18.377170
18.342210
20.160500
21.543550
21.299620
20.309290
19.190250
18.070880
17.840710
19.076570
20.562250
20.812950
20.082560
19.557660
19.708230
20.334800
21.429090
23.056650
24.519300
24.725080
23.831580
23.258160
23.631340
24.256900
24.696800
25.406700
26.557950
27.893510
29.748960
32.077540
33.620450
33.593370
32.362180
30.564860
28.808470
27.688540
27.791920
29.106780
30.708010
31.780420
32.336060
32.551110
32.094130
30.639250
28.398250
25.740990
22.714980
19.241620
15.770160
13.135110
11.878270
12.000420
12.893320
13.568290
13.264790
11.677290
8.882003
5.469736
2.255828
-0.343025
-2.249853
-3.656218
-5.282890
-7.457249
-9.428459
-10.718900
-11.700570
-12.559620
-13.231180
-14.133060
-15.831080
-18.009310
-19.630370
-20.327180
-20.570620
-20.680180
-20.733510
-20.865750
-21.116520
-21.159930
-20.514070
-19.086120
-17.339920
-16.007190
-15.490890
-15.557780
-15.866390
-16.287500
-16.690070
-17.093760
-17.754110
-18.465930
-18.400690
-17.456520
-16.453970
-15.668610
-14.772680
-13.819100
-13.139470
-12.802880
-12.672270
-12.619020
-12.622400
-12.599260
-12.408860
-12.253300
-12.601340
-13.549980
-14.548180
-15.217700
-15.923730
-16.845860
-17.391910
-17.374720
-17.623710
-18.580400
-19.820470
-21.048850
-22.141570
-22.655730
-22.302870
-21.590550
-21.125890
-20.964330
-21.046250
-21.298440
-21.389180
-21.033850
-20.216750
-19.057110
-17.773250
-16.507390
-15.396510
-14.814030
-15.055050
-15.553560
-15.257060
-14.285030
-13.280820
-11.862010
-10.068120
-9.056132
-8.890438
-8.373776
-7.170545
-5.726358
-4.057050
-2.263867
-0.947996
-0.098114
0.850735
1.665318
1.826832
1.662266
1.533278
1.466939
2.141132
3.861933
5.370808
5.615599
4.807627
3.539309
2.478731
2.211815
3.016639
4.772667
6.808355
8.361918
9.203646
9.657797
10.145220
10.904450
12.115910
13.652180
14.726550
14.572200
13.620660
13.248140
13.977600
15.279730
16.979110
19.158430
21.389520
23.240660
24.951840
26.811780
28.449270
29.285030
29.335190
29.267040
29.519420
29.751450
29.629670
29.495680
29.657220
29.882740
30.025650
30.144840
30.177960
30.017210
29.283300
27.618640
25.828260
25.375690
26.400220
27.841410
29.012260
29.820840
30.197830
29.932380
29.000110
27.749460
26.514540
25.285180
24.131510
23.425790
23.381510
23.728940
24.022000
24.344130
24.842370
24.870010
23.867760
22.194380
20.606430
19.520220
18.916130
18.692000
18.357020
17.121420
15.182630
13.496450
12.469300
12.134510
12.553090
13.546860
14.626340
15.294460
15.305250
14.840380
14.528360
14.829710
15.489180
16.216330
17.374210
18.977220
19.924070
19.445500
18.228320
17.041790
15.651740
13.963660
12.638390
11.872640
11.218270
10.701940
10.713830
11.061900
10.950040
9.859274
7.914982
5.553880
3.236358
1.391951
0.303437
-0.109517
-0.148921
-0.087017
-0.221044
-0.889860
-2.160591
-3.750536
-5.455445
-7.041946
-7.850496
-7.537104
-6.675192
-6.058837
-5.813700
-5.592243
-5.232783
-4.668072
-3.942878
-3.386215
-3.297458
-3.723995
-4.605091
-5.860594
-7.298831
-8.745806
-10.249360
-11.725790
-12.736060
-13.311400
-14.118640
-15.243760
-16.182130
-16.886060
-17.705130
-18.738610
-19.740470
-20.510260
-21.152860
-21.704390
-22.028860
-22.340290
-22.906240
-23.570940
-23.839270
-23.287330
-22.317780
-21.902060
-22.029970
-21.788180
-20.994460
-20.056400
-18.859880
-17.001670
-14.815760
-13.131030
-11.949340
-10.789390
-9.907773
-9.840411
-10.610650
-11.686080
-12.283970
-12.140760
-11.669020
-11.229770
-10.987800
-11.169200
-11.840020
-12.633060
-13.091040
-13.172220
-13.154240
-13.310770
-13.860740
-14.838520
-15.840920
-16.288190
-15.972910
-15.112140
-14.009430
-12.815060
-11.542990
-10.256560
-9.123385
-8.195272
-7.369799
-6.603187
-5.852517
-5.014714
-4.164843
-3.639125
-3.555696
-3.537853
-3.416983
-3.418072
-3.397617
-3.020519
-2.459202
-2.005409
-1.677784
-1.577023
-1.820049
-2.250305
-2.687326
-3.194168
-3.840032
-4.381187
-4.490053
-4.209346
-3.865627
-3.587103
-3.302606
-3.089119
-2.975588
-2.799686
-2.534781
-2.333608
-2.359375
-2.693234
-3.206566
-3.624315
-3.776395
-3.648928
-3.293915
-2.793152
-2.268491
-1.843477
-1.517488
-1.241080
-1.141755
-1.310439
-1.500613
-1.516315
-1.543492
-1.710472
-1.825728
-1.803336
-1.848855
-2.036964
-2.190086
-2.262696
-2.323993
-2.295161
-2.124471
-1.911043
-1.696937
-1.446053
-1.215309
-1.080846
-0.993659
-0.885660
-0.747675
-0.560248
-0.321177
-0.093361
0.068975
0.171126
0.250653
0.350970
0.512219
0.736738
0.956073
1.104295
1.199249
1.279582
1.341525
1.378534
1.408755
1.450126
1.505819
1.568399
1.623048
1.663313
1.693228
1.708578
1.705838
1.699689
1.705121
1.717907
1.726719
1.728148
1.724553
1.718494
1.710241
1.697446
1.677535
1.648711
1.610262
1.563766
1.511714
1.454672
1.391797
1.322815
1.247810
1.166659
1.079442
0.986576
0.888436
0.785240
0.677189
0.564520
0.447503
0.326444
0.201654
0.073448
