0.000000
-0.023964
-0.048125
-0.072483
-0.097037
-0.121787
-0.146728
-0.171860
-0.197175
-0.222668
-0.248335
-0.274176
-0.300187
-0.326367
-0.352704
-0.379180
-0.405776
-0.432471
-0.459241
-0.486095
-0.513050
-0.540103
-0.567251
-0.594502
-0.621853
-0.649258
-0.676672
-0.704073
-0.731441
-0.758752
-0.785983
-0.813109
-0.840109
-0.866956
-0.893618
-0.920083
-0.946406
-0.972652
-0.998831
-1.024957
-1.051042
-1.077102
-1.103157
-1.129236
-1.155361
-1.181553
-1.207873
-1.234296
-1.260499
-1.286172
-1.311258
-1.335679
-1.359356
-1.382239
-1.404267
-1.425361
-1.445475
-1.464533
-1.482445
-1.499186
-1.514684
-1.528317
-1.539413
-1.547336
-1.551660
-1.556472
-1.566648
-1.578222
-1.585716
-1.588553
-1.585613
-1.576966
-1.570275
-1.568784
-1.562520
-1.544283
-1.513149
-1.472736
-1.434800
-1.408525
-1.395141
-1.388056
-1.379084
-1.367063
-1.351725
-1.332202
-1.309230
-1.284910
-1.260634
-1.236470
-1.212606
-1.189201
-1.166323
-1.144038
-1.122429
-1.101538
-1.081494
-1.062367
-1.044170
-1.027132
-1.010610
-0.991934
-0.969169
-0.942250
-0.910930
-0.875908
-0.840209
-0.806085
-0.773663
-0.743074
-0.714514
-0.687963
-0.663406
-0.640844
-0.620281
-0.601686
-0.585155
-0.571024
-0.559546
-0.550723
-0.544616
-0.541254
-0.540568
-0.542513
-0.547497
-0.556789
-0.571956
-0.593431
-0.614573
-0.624031
-0.615532
-0.587604
-0.555242
-0.543682
-0.550812
-0.563180
-0.581924
-0.606988
-0.634827
-0.663712
-0.693747
-0.724836
-0.756842
-0.789844
-0.824087
-0.858818
-0.893828
-0.932580
-0.972525
-0.982371
-0.964216
-0.954742
-0.945666
-0.915297
-0.862511
-0.805759
-0.758313
-0.720078
-0.690029
-0.662331
-0.631861
-0.598293
-0.561361
-0.520579
-0.476021
-0.427571
-0.375427
-0.319897
-0.259580
-0.194110
-0.141633
-0.122838
-0.138770
-0.176719
-0.218943
-0.258805
-0.295888
-0.330288
-0.359312
-0.368057
-0.349606
-0.327942
-0.325373
-0.341981
-0.358742
-0.356071
-0.338265
-0.315391
-0.291246
-0.266123
-0.241520
-0.219968
-0.202453
-0.188978
-0.179622
-0.174479
-0.173453
-0.176611
-0.184025
-0.195540
-0.211135
-0.231369
-0.254833
-0.273886
-0.282123
-0.279589
-0.265697
-0.239671
-0.206964
-0.175690
-0.148610
-0.126081
-0.106380
-0.084051
-0.055581
-0.020506
0.021739
0.067011
0.108953
0.151112
0.201435
0.258659
0.317714
0.376845
0.433627
0.485360
0.531373
0.574040
0.622175
0.682428
0.741064
0.773322
0.791017
0.820322
0.860992
0.907450
0.954628
0.999799
1.042699
1.084892
1.128997
1.175356
1.223458
1.274158
1.335006
1.412819
1.508148
1.622113
1.748558
1.869309
1.972359
2.057931
2.131464
2.197752
2.257074
2.310765
2.360707
2.406644
2.448945
2.488674
2.522913
2.548188
2.592996
2.694984
2.832567
2.938226
2.992812
3.045854
3.120380
3.203538
3.293235
3.388531
3.483731
3.576181
3.659121
3.724015
3.770265
3.790739
3.761274
3.664903
3.498851
3.264758
2.996894
2.730199
2.465571
2.203016
1.944990
1.690983
1.440575
1.191128
0.941981
0.717111
0.544772
0.391434
0.203399
-0.031007
-0.300672
-0.588066
-0.887889
-1.200511
-1.488448
-1.712837
-1.875006
-1.979812
-2.046781
-2.115173
-2.205486
-2.319152
-2.453066
-2.579690
-2.664961
-2.706599
-2.725183
-2.734442
-2.723541
-2.682668
-2.622013
-2.549276
-2.450595
-2.309098
-2.115739
-1.869353
-1.626930
-1.437768
-1.266374
-1.086168
-0.900824
-0.695710
-0.451154
-0.156028
0.190482
0.509193
0.730132
0.896030
1.040488
1.178710
1.340358
1.534385
1.760857
2.020692
2.316136
2.647463
2.992074
3.326514
3.651676
3.967818
4.257296
4.496782
4.676875
4.795266
4.882518
4.990382
5.126549
5.245537
5.311214
5.322387
5.279002
5.191352
5.072954
4.893685
4.594261
4.154177
3.687529
3.335697
3.118449
2.960745
2.752941
2.451313
2.087012
1.741144
1.467911
1.267841
1.148003
1.114590
1.119980
1.101095
1.067967
1.045309
1.028770
1.037597
1.098690
1.203618
1.322773
1.436196
1.537786
1.622770
1.704789
1.822140
2.001958
2.250578
2.532307
2.742755
2.808303
2.772929
2.753943
2.823907
2.985362
3.243038
3.596407
4.015207
4.399839
4.649606
4.766005
4.826876
4.891189
4.955453
5.020017
5.092078
5.168717
5.219485
5.211041
5.146575
5.078300
5.060996
5.090207
5.091398
4.996201
4.803003
4.517865
4.161511
3.834812
3.641627
3.606799
3.734448
3.918410
4.031266
4.108118
4.204189
4.314566
4.386650
4.365477
4.304106
4.272930
4.240760
4.159954
4.045743
3.971500
3.986827
4.003954
3.923045
3.800560
3.724790
3.709614
3.735109
3.782071
3.842854
3.885084
3.871528
3.798267
3.714422
3.706966
3.824191
4.060184
4.310405
4.471793
4.568697
4.647219
4.720417
4.790207
4.856893
4.917125
4.968695
5.012518
5.045488
5.066269
5.110124
5.224385
5.418770
5.693482
6.056234
6.503042
6.983450
7.453953
7.909142
8.291313
8.541742
8.655198
8.630024
8.513419
8.362650
8.181763
7.960665
7.666097
7.264868
6.753611
6.187819
5.644529
5.141877
4.661984
4.187102
3.704116
3.181403
2.594239
1.943199
1.225398
0.436170
-0.391311
-1.186339
-1.910973
-2.564205
-3.141808
-3.640707
-4.076576
-4.479741
-4.876453
-5.313587
-5.832875
-6.436066
-7.123763
-7.902778
-8.762746
-9.641930
-10.485530
-11.294680
-12.071260
-12.784220
-13.378730
-13.827970
-14.130770
-14.274680
-14.280960
-14.282210
-14.393260
-14.622620
-14.958220
-15.324000
-15.644300
-15.911990
-16.136940
-16.380290
-16.700880
-17.102080
-17.581080
-18.118840
-18.693450
-19.306380
-19.974330
-20.713720
-21.526650
-22.386220
-23.251270
-24.105860
-24.954770
-25.805160
-26.662520
-27.537960
-28.406480
-29.109190
-29.497880
-29.591420
-29.525410
-29.409060
-29.227790
-28.955400
-28.591380
-28.134510
-27.582630
-26.935180
-26.191350
-25.349460
-24.435710
-23.490880
-22.528560
-21.548990
-20.555150
-19.547770
-18.526190
-17.489690
-16.440680
-15.387500
-14.339710
-13.302250
-12.276400
-11.241680
-10.172340
-9.060397
-7.904454
-6.708370
-5.481549
-4.224377
-2.932188
-1.609241
-0.259824
1.102629
2.450145
3.759951
5.018653
6.245771
7.488429
8.729172
9.891144
10.929330
11.819350
12.529860
13.131890
13.720990
14.297700
14.862740
15.425500
15.962100
16.429040
16.806610
17.094540
17.293390
17.410550
17.452340
17.419080
17.310620
17.127270
16.870060
16.539130
16.130830
15.648380
15.136920
14.641180
14.161540
13.696440
13.256210
12.865320
12.542040
12.285190
12.095160
11.979230
11.931820
11.877580
11.742750
11.525570
11.225620
10.838260
10.360670
9.791632
9.176128
8.574093
8.002658
7.463127
6.931870
6.372706
5.771736
5.126332
4.487063
3.925204
3.456296
3.078805
2.805345
2.640075
2.488026
2.239234
1.921620
1.657764
1.533420
1.552964
1.723373
2.024653
2.390494
2.756988
3.093551
3.396256
3.660223
3.892201
4.123375
4.375740
4.650562
4.954214
5.266685
5.506530
5.610175
5.569928
5.411830
5.232747
5.110642
5.055015
5.070292
5.101324
5.081632
5.007460
4.878642
4.691723
4.443736
4.132345
3.796300
3.494130
3.245370
3.052338
2.919529
2.821381
2.716320
2.586701
2.429472
2.281574
2.204548
2.219685
2.327438
2.532872
2.833185
3.195532
3.567214
3.901120
4.172347
4.373834
4.481931
4.475601
4.351008
4.106687
3.787875
3.446189
3.083564
2.700516
2.302173
1.882039
1.417907
0.892956
0.327429
-0.222209
-0.716950
-1.155105
-1.551742
-1.931023
-2.302732
-2.666778
-3.019671
-3.347248
-3.594832
-3.700673
-3.645754
-3.447949
-3.224328
-3.083300
-3.031770
-3.042943
-3.043382
-2.978634
-2.841617
-2.628055
-2.394574
-2.212790
-2.093769
-2.045026
-2.055895
-2.024985
-1.862940
-1.568536
-1.138584
-0.563672
0.123642
0.857669
1.568702
2.214463
2.790334
3.294621
3.725123
4.079890
4.358020
4.591516
4.818189
5.042264
5.266938
5.498847
5.696407
5.784759
5.726788
5.513826
5.190243
4.890478
4.704139
4.636625
4.700299
4.857359
4.982429
5.014414
4.990383
4.924098
4.809872
4.650645
4.447895
4.201252
3.910976
3.577878
3.200184
2.776543
2.325256
1.880759
1.461247
1.058143
0.635195
0.163471
-0.356648
-0.924180
-1.547247
-2.229115
-2.890570
-3.416675
-3.774286
-4.013532
-4.224298
-4.434315
-4.592303
-4.661873
-4.643664
-4.530566
-4.341241
-4.163507
-4.064876
-4.050799
-4.125330
-4.243285
-4.335421
-4.384651
-4.387706
-4.341865
-4.277304
-4.225978
-4.190239
-4.164497
-4.127578
-4.061301
-3.965640
-3.837975
-3.676651
-3.505655
-3.351272
-3.214839
-3.097446
-2.999224
-2.919868
-2.881604
-2.914599
-3.035595
-3.248413
-3.452806
-3.530581
-3.498375
-3.448657
-3.444730
-3.489296
-3.590702
-3.736633
-3.847336
-3.859899
-3.801620
-3.735856
-3.695615
-3.684516
-3.698090
-3.709437
-3.692701
-3.644104
-3.586736
-3.579175
-3.658930
-3.789557
-3.888819
-3.911200
-3.852400
-3.705073
-3.500778
-3.319543
-3.206699
-3.168731
-3.210519
-3.265742
-3.254315
-3.170577
-3.033647
-2.872693
-2.728716
-2.627487
-2.549651
-2.476057
-2.404327
-2.331228
-2.300010
-2.359244
-2.453389
-2.489016
-2.430594
-2.273505
-2.066833
-1.896707
-1.800022
-1.770825
-1.761526
-1.727241
-1.666213
-1.576252
-1.459261
-1.332205
-1.207424
-1.083704
-0.950390
-0.798522
-0.627629
-0.437000
-0.226015
0.004269
0.254929
0.526974
0.805174
1.064509
1.295828
1.498930
1.670490
1.813987
1.956160
2.121535
2.313967
2.528471
2.727099
2.874533
2.979428
3.057131
3.111637
3.140185
3.133950
3.086866
2.998302
2.867364
2.694073
2.478582
2.219964
1.919087
1.577447
1.191400
0.756997
0.319827
-0.034562
-0.266645
-0.368675
-0.333937
-0.237919
-0.178378
-0.171868
-0.220590
-0.333029
-0.486934
-0.636906
-0.760703
-0.858102
-0.926940
-0.966272
-0.965494
-0.909579
-0.795304
-0.622567
-0.391900
-0.101124
0.253342
0.635632
0.976303
1.241831
1.431398
1.540776
1.573113
1.551981
1.496614
1.419750
1.344246
1.282886
1.238863
1.211968
1.166798
1.065371
0.906358
0.690480
0.414958
0.079411
-0.316596
-0.771664
-1.286044
-1.864224
-2.494888
-3.123614
-3.705363
-4.253916
-4.793161
-5.273914
-5.627800
-5.847444
-5.942008
-5.943988
-5.883893
-5.762168
-5.579562
-5.346242
-5.077570
-4.780765
-4.456141
-4.104627
-3.726669
-3.326357
-2.908404
-2.474529
-2.025851
-1.558356
-1.071039
-0.610222
-0.228703
0.069136
0.283901
0.411204
0.447380
0.405292
0.343031
0.307117
0.298542
0.319192
0.373090
0.457979
0.572651
0.735189
0.964982
1.236392
1.517635
1.808327
2.104669
2.382595
2.624602
2.847796
3.079846
3.329769
3.600072
3.893934
4.185996
4.433649
4.620704
4.746614
4.809063
4.806119
4.740057
4.624202
4.470024
4.279004
4.051780
3.785043
3.484396
3.198331
2.970235
2.800725
2.696020
2.651473
2.603682
2.516858
2.440276
2.403735
2.403225
2.440973
2.520876
2.642888
2.788979
2.938681
3.090196
3.243414
3.396687
3.549211
3.706598
3.883278
4.092542
4.342037
4.593193
4.709410
4.571671
4.202742
3.863812
3.808416
3.995059
4.220960
4.365206
4.433876
4.400306
4.241437
3.975082
3.717482
3.555966
3.427791
3.289732
3.148762
3.001793
2.844615
2.677739
2.501775
2.319898
2.137317
1.970034
1.839480
1.729675
1.612460
1.485976
1.349600
1.224399
1.141067
1.106071
1.116928
1.178284
1.299259
1.439252
1.482529
1.426659
1.371239
1.332514
1.305267
1.297992
1.312171
1.342455
1.378447
1.415549
1.453656
1.492236
1.529973
1.573721
1.638157
1.724730
1.767811
1.703682
1.587518
1.478497
1.371056
1.271496
1.198879
1.124774
0.991855
0.778176
0.483747
0.153037
-0.163490
-0.463801
-0.750575
-1.019916
-1.239046
-1.374582
-1.425454
-1.387140
-1.270746
-1.134781
-1.009438
-0.877422
-0.739646
-0.598746
-0.454950
-0.319675
-0.202240
-0.102312
-0.021788
0.037333
0.098858
0.199001
0.349640
0.544737
0.771392
1.021260
1.299245
1.605187
1.869334
2.018101
2.049243
1.963337
1.756186
1.422226
0.959452
0.444008
-0.031696
-0.463708
-0.892526
-1.345716
-1.787122
-2.162877
-2.457886
-2.668636
-2.796915
-2.866591
-2.897914
-2.890684
-2.850666
-2.792365
-2.723908
-2.645435
-2.557289
-2.459743
-2.353792
-2.239836
-2.112580
-1.983197
-1.924646
-1.998867
-2.148836
-2.272343
-2.328374
-2.323068
-2.270889
-2.179764
-2.053228
-1.914578
-1.786187
-1.671839
-1.568084
-1.431487
-1.219398
-0.931715
-0.565490
-0.115161
0.387169
0.886021
1.357775
1.802493
2.216196
2.596114
2.962433
3.350965
3.782646
4.259679
4.711536
5.049572
5.261745
5.389113
5.476080
5.528868
5.548037
5.538051
5.499773
5.418415
5.266622
5.033797
4.719579
4.322621
3.841857
3.275314
2.632739
1.948665
1.248676
0.533502
-0.195210
-0.938846
-1.708265
-2.513214
-3.356779
-4.228640
-5.091454
-5.917729
-6.706776
-7.458162
-8.168088
-8.833306
-9.465135
-10.068260
-10.511360
-10.646120
-10.505540
-10.224400
-9.892775
-9.513356
-9.093811
-8.651862
-8.193685
-7.720846
-7.226801
-6.689857
-6.093026
-5.435004
-4.713540
-3.940593
-3.135393
-2.301446
-1.460622
-0.692662
-0.055202
0.453360
0.824829
1.050682
1.210346
1.413661
1.689312
2.006607
2.305000
2.549457
2.738696
2.869407
2.939514
2.949463
2.899547
2.788916
2.618084
2.386696
2.095708
1.746755
1.331530
0.848823
0.402904
0.105241
-0.041279
-0.029806
0.149846
0.422915
0.707512
1.001614
1.313102
1.644788
1.998994
2.348701
2.653297
2.899079
3.085981
3.207809
3.262927
3.297223
3.361122
3.443845
3.518548
3.574203
3.609616
3.623091
3.620130
3.611929
3.603882
3.592589
3.556416
3.476259
3.350976
3.180308
2.964438
2.699306
2.381587
2.074096
1.871680
1.805190
1.882301
2.110683
2.414292
2.698903
2.949732
3.164483
3.349228
3.529841
3.687595
3.781623
3.786112
3.647475
3.341707
2.900524
2.344738
1.721628
1.091954
0.466967
-0.153131
-0.765409
-1.369302
-1.964278
-2.552403
-3.139124
-3.729671
-4.301614
-4.793152
-5.164175
-5.413664
-5.534110
-5.533358
-5.488010
-5.462653
-5.412135
-5.280985
-5.065720
-4.765483
-4.376667
-3.897938
-3.326596
-2.685004
-2.038992
-1.434118
-0.865454
-0.315509
0.223669
0.751128
1.274895
1.791019
2.207524
2.431246
2.456071
2.303127
2.026919
1.666953
1.226129
0.735259
0.224510
-0.304748
-0.850352
-1.416190
-2.008321
-2.529088
-2.823714
-2.852024
-2.785859
-2.826416
-3.008702
-3.339976
-3.776110
-4.207739
-4.580958
-4.894087
-5.174630
-5.460253
-5.781012
-6.150237
-6.365899
-6.156741
-5.624694
-5.000491
-4.326174
-3.600554
-2.852437
-2.107247
-1.380498
-0.824760
-0.649342
-0.812218
-1.142198
-1.547283
-1.941979
-2.249665
-2.459412
-2.582228
-2.661199
-2.724737
-2.741336
-2.683939
-2.552258
-2.378935
-2.222661
-2.111930
-2.060927
-2.085599
-2.164462
-2.265625
-2.381790
-2.493596
-2.572936
-2.613165
-2.612903
-2.568141
-2.476112
-2.335345
-2.158964
-1.976408
-1.804557
-1.644295
-1.493548
-1.345991
-1.197573
-1.047434
-0.894087
-0.747771
-0.632747
-0.562711
-0.537568
-0.559619
-0.630879
-0.732732
-0.835850
-0.929368
-1.012151
-1.084116
-1.145486
-1.181130
-1.168950
-1.100239
-0.966210
-0.756541
-0.490193
-0.213227
0.047895
0.292569
0.523281
0.745763
0.966896
1.180609
1.330586
1.359389
1.275989
1.157701
1.072517
1.003771
0.907688
0.762314
0.577129
0.374933
0.166208
-0.048065
-0.252135
-0.428376
-0.563210
-0.638409
-0.648378
-0.586225
-0.447455
-0.309604
-0.268895
-0.303194
-0.382581
-0.531103
-0.755778
-1.046566
-1.361915
-1.663760
-1.951214
-2.222832
-2.481874
-2.748128
-3.045362
-3.381685
-3.657334
-3.720014
-3.615379
-3.470427
-3.299261
-3.099938
-2.881592
-2.645287
-2.391926
-2.116937
-1.817685
-1.554961
-1.403335
-1.325599
-1.260201
-1.197731
-1.115762
-0.989236
-0.814716
-0.597151
-0.369935
-0.164543
0.018695
0.177168
0.308093
0.435362
0.588706
0.780259
1.008178
1.194302
1.257700
1.195404
1.003766
0.693742
0.316269
-0.093746
-0.518927
-0.926490
-1.299164
-1.635566
-1.931835
-2.209156
-2.510381
-2.856383
-3.246072
-3.682011
-4.172462
-4.695209
-5.152523
-5.467766
-5.637884
-5.657825
-5.538062
-5.321542
-5.043872
-4.781812
-4.619045
-4.564531
-4.570746
-4.550327
-4.470378
-4.354892
-4.211938
-4.038571
-3.835686
-3.616120
-3.402326
-3.205219
-3.019968
-2.841516
-2.668053
-2.478673
-2.251665
-1.987288
-1.683035
-1.336111
-0.976352
-0.646553
-0.362053
-0.125709
0.088526
0.334576
0.640468
1.007351
1.422485
1.865564
2.328772
2.810774
3.320285
3.872152
4.468901
5.109320
5.801415
6.545892
7.246239
7.767789
8.062972
8.124841
8.044271
7.962619
7.921768
7.921857
7.973186
8.083455
8.213597
8.264181
8.175930
7.987887
7.754097
7.486826
7.188402
6.866774
6.527570
6.170855
5.795462
5.404503
5.025373
4.685301
4.381392
4.111845
3.922014
3.863591
3.909262
3.981250
4.036010
4.072120
4.086470
4.075798
4.040600
3.980790
3.896984
3.788095
3.652560
3.506900
3.390448
3.326560
3.317307
3.367001
3.458557
3.547943
3.635189
3.763064
3.947777
4.187912
4.484102
4.839871
5.260967
5.706134
6.071542
6.294309
6.388373
6.380811
6.285019
6.154102
6.082569
6.111747
6.192519
6.240123
6.220791
6.178698
6.167953
6.199235
6.276163
6.389508
6.495562
6.562603
6.589819
6.575543
6.517645
6.417352
6.269664
6.057307
5.762666
5.382920
4.961810
4.571733
4.242030
3.975782
3.778614
3.625721
3.471400
3.297787
3.104191
2.886339
2.648332
2.407813
2.177658
1.953531
1.719906
1.465656
1.190375
0.894680
0.576730
0.233617
-0.119973
-0.436584
-0.682295
-0.854634
-0.951862
-0.995332
-1.010861
-0.998996
-0.960414
-0.896770
-0.806037
-0.696792
-0.598235
-0.531626
-0.497470
-0.496518
-0.530006
-0.599159
-0.704452
-0.828282
-0.947578
-1.057468
-1.157253
-1.245400
-1.326803
-1.407433
-1.487768
-1.566673
-1.643872
-1.734229
-1.857681
-2.019398
-2.226264
-2.480542
-2.700408
-2.792043
-2.752629
-2.645685
-2.532307
-2.400753
-2.230770
-2.021179
-1.771942
-1.481344
-1.143402
-0.774271
-0.453607
-0.249900
-0.166720
-0.190217
-0.292936
-0.461351
-0.696281
-0.953784
-1.170724
-1.328179
-1.423302
-1.450965
-1.439208
-1.432350
-1.445209
-1.470216
-1.488386
-1.486449
-1.463978
-1.420337
-1.354500
-1.265813
-1.156306
-1.035540
-0.909832
-0.778467
-0.659594
-0.580715
-0.550349
-0.569002
-0.637495
-0.757454
-0.930675
-1.136357
-1.343194
-1.542149
-1.734089
-1.916174
-2.084570
-2.257098
-2.485527
-2.801320
-3.156240
-3.494804
-3.812523
-4.108110
-4.379166
-4.633775
-4.880425
-5.099152
-5.235080
-5.253773
-5.152579
-4.933591
-4.622829
-4.245497
-3.831035
-3.453768
-3.165429
-2.969839
-2.829303
-2.676770
-2.481731
-2.240736
-1.952706
-1.644620
-1.344395
-1.053440
-0.771381
-0.498760
-0.247659
-0.052469
0.059891
0.093460
0.105469
0.149141
0.226344
0.340761
0.480002
0.598562
0.667725
0.686802
0.654213
0.567410
0.427292
0.234784
-0.012930
-0.317274
-0.642077
-0.939646
-1.198239
-1.417112
-1.594958
-1.730050
-1.805926
-1.806910
-1.743433
-1.635830
-1.492003
-1.309615
-1.092792
-0.877264
-0.696732
-0.554831
-0.449447
-0.345122
-0.202144
-0.018729
0.182407
0.372748
0.544554
0.697475
0.830500
0.938910
1.007177
1.023909
0.986782
0.894808
0.775328
0.666332
0.576743
0.509103
0.465746
0.425189
0.372257
0.328679
0.309387
0.311842
0.339693
0.395513
0.448822
0.466252
0.459234
0.455499
0.470251
0.504779
0.534866
0.528280
0.477871
0.382156
0.236362
0.056086
-0.123095
-0.281901
-0.420291
-0.542816
-0.655346
-0.760201
-0.858046
-0.949190
-1.033665
-1.109872
-1.181999
-1.275164
-1.412803
-1.595774
-1.802784
-2.010904
-2.218564
-2.426647
-2.633402
-2.825901
-2.989988
-3.124393
-3.231235
-3.323588
-3.414341
-3.505555
-3.593122
-3.653730
-3.665846
-3.628399
-3.541284
-3.402929
-3.213521
-2.972677
-2.680927
-2.343407
-1.960874
-1.542728
-1.150836
-0.838889
-0.607710
-0.458409
-0.394377
-0.416612
-0.526826
-0.699671
-0.887453
-1.045296
-1.146215
-1.186567
-1.165523
-1.085854
-0.950044
-0.757760
-0.546096
-0.372998
-0.257809
-0.200920
-0.209638
-0.276627
-0.347263
-0.375020
-0.359636
-0.295988
-0.189311
-0.093405
-0.054419
-0.077280
-0.164788
-0.274337
-0.346096
-0.370611
-0.385066
-0.432626
-0.519898
-0.648489
-0.824453
-1.030605
-1.219489
-1.360553
-1.449177
-1.484617
-1.516465
-1.594538
-1.683414
-1.740588
-1.763305
-1.750303
-1.698854
-1.608060
-1.477276
-1.319186
-1.152412
-0.987589
-0.829757
-0.680522
-0.540242
-0.407632
-0.290860
-0.213084
-0.192131
-0.230350
-0.301661
-0.358242
-0.376694
-0.355637
-0.306011
-0.250788
-0.201163
-0.157043
-0.121319
-0.093878
-0.053305
0.022367
0.136036
0.276494
0.400830
0.474836
0.498854
0.470179
0.385321
0.271872
0.167121
0.068462
-0.043824
-0.176765
-0.333780
-0.512620
-0.666597
-0.749260
-0.761187
-0.701751
-0.569082
-0.382020
-0.158507
0.101822
0.392556
0.690885
0.982133
1.259284
1.498397
1.680408
1.804241
1.877422
1.928791
1.981695
2.036809
2.094762
2.155190
2.214709
2.271493
2.328882
2.400007
2.494684
2.613515
2.756209
2.911241
3.065922
3.219456
3.367510
3.500954
3.615164
3.710487
3.787020
3.844878
3.884543
3.906392
3.911315
3.899930
3.867610
3.808371
3.720925
3.604482
3.465387
3.327156
3.207134
3.104504
3.019955
2.954772
2.895822
2.828646
2.753044
2.669370
2.576421
2.475298
2.366315
2.249639
2.126811
1.994446
1.844718
1.681285
1.512636
1.339890
1.167432
1.000319
0.838917
0.683496
0.534196
0.390899
0.253873
0.121218
-0.010453
-0.142069
-0.273323
-0.404089
-0.533142
-0.658104
-0.778021
-0.892994
-1.002752
-1.106920
-1.205625
-1.298986
-1.386632
-1.468440
-1.544519
-1.613041
-1.670803
-1.716845
-1.751805
-1.776472
-1.791475
-1.797049
-1.793794
-1.783103
-1.764722
-1.731845
-1.679385
-1.613505
-1.542302
-1.468586
-1.393075
-1.316529
-1.239794
-1.164967
-1.093803
-1.025893
-0.960221
-0.896308
-0.834312
-0.774205
-0.715284
-0.657125
-0.600144
-0.544993
-0.492112
-0.441582
-0.393499
-0.347985
-0.305074
-0.264762
-0.227083
-0.192023
-0.159551
-0.129655
-0.102185
-0.077066
-0.055604
-0.039177
-0.027262
-0.018358
-0.011197
-0.005366
-0.000656
0.003166
0.006240
0.008691
0.010626
0.012139
0.013304
0.014195
0.014869
0.015366
0.015723
0.015980
0.016205
0.016427
0.016625
0.016782
0.016884
0.016917
0.016870
0.016737
0.016517
0.016207
0.015806
0.015315
0.014737
0.014076
0.013339
0.012530
0.011658
0.010732
0.009762
0.008757
0.007725
0.006676
0.005620
0.004566
0.003523
0.002500
0.001506
0.000550
-0.000359
-0.001212
-0.002001
-0.002717
-0.003352
-0.003898
-0.004347
-0.004691
