0.000000
-0.000004
-0.000016
-0.000035
-0.000062
-0.000097
-0.000139
-0.000189
-0.000246
-0.000311
-0.000383
-0.000464
-0.000552
-0.000647
-0.000750
-0.000860
-0.000976
-0.001101
-0.001233
-0.001374
-0.001527
-0.001691
-0.001868
-0.002056
-0.002256
-0.002467
-0.002688
-0.002919
-0.003160
-0.003411
-0.003675
-0.003951
-0.004238
-0.004533
-0.004831
-0.005129
-0.005426
-0.005722
-0.006019
-0.006316
-0.006617
-0.006921
-0.007231
-0.007547
-0.007872
-0.008207
-0.008553
-0.008914
-0.009292
-0.009691
-0.010116
-0.010569
-0.011050
-0.011563
-0.012109
-0.012687
-0.013294
-0.013922
-0.014561
-0.015200
-0.015830
-0.016441
-0.017029
-0.017592
-0.018135
-0.018666
-0.019196
-0.019732
-0.020283
-0.020861
-0.021480
-0.022160
-0.022917
-0.023764
-0.024702
-0.025729
-0.026831
-0.027991
-0.029185
-0.030386
-0.031574
-0.032737
-0.033878
-0.035008
-0.036139
-0.037276
-0.038425
-0.039594
-0.040793
-0.042032
-0.043315
-0.044642
-0.046017
-0.047446
-0.048942
-0.050523
-0.052202
-0.053983
-0.055859
-0.057822
-0.059860
-0.061946
-0.064028
-0.066040
-0.067930
-0.069668
-0.071254
-0.072712
-0.074066
-0.075329
-0.076506
-0.077591
-0.078571
-0.079435
-0.080186
-0.080845
-0.081455
-0.082078
-0.082793
-0.083668
-0.084725
-0.085932
-0.087252
-0.088663
-0.090163
-0.091761
-0.093465
-0.095273
-0.097162
-0.099092
-0.101020
-0.102898
-0.104687
-0.106367
-0.107951
-0.109498
-0.111102
-0.112868
-0.114878
-0.117174
-0.119770
-0.122657
-0.125802
-0.129162
-0.132679
-0.136278
-0.139873
-0.143375
-0.146701
-0.149772
-0.152520
-0.154891
-0.156839
-0.158328
-0.159325
-0.159788
-0.159674
-0.158950
-0.157614
-0.155709
-0.153336
-0.150639
-0.147755
-0.144779
-0.141764
-0.138731
-0.135681
-0.132618
-0.129574
-0.126612
-0.123808
-0.121224
-0.118898
-0.116848
-0.115073
-0.113558
-0.112275
-0.111191
-0.110277
-0.109498
-0.108806
-0.108121
-0.107328
-0.106285
-0.104863
-0.102976
-0.100566
-0.097597
-0.094045
-0.089903
-0.085189
-0.079955
-0.074286
-0.068292
-0.062088
-0.055768
-0.049370
-0.042838
-0.036035
-0.028809
-0.021063
-0.012805
-0.004153
0.004743
0.013762
0.022833
0.031920
0.040965
0.049881
0.058565
0.066934
0.074946
0.082586
0.089841
0.096658
0.102938
0.108575
0.113510
0.117767
0.121437
0.124670
0.127703
0.130866
0.134534
0.139092
0.144845
0.151895
0.160137
0.169363
0.179396
0.190141
0.201553
0.213598
0.226247
0.239470
0.253228
0.267460
0.282096
0.297100
0.312484
0.328265
0.344423
0.360886
0.377557
0.394348
0.411181
0.427950
0.444485
0.460559
0.475944
0.490515
0.504281
0.517316
0.529724
0.541605
0.553037
0.564105
0.574914
0.585562
0.596120
0.606644
0.617190
0.627822
0.638594
0.649504
0.660427
0.671101
0.681227
0.690545
0.698882
0.706206
0.712619
0.718289
0.723374
0.728015
0.732351
0.736547
0.740800
0.745287
0.750098
0.755239
0.760687
0.766429
0.772463
0.778716
0.784992
0.791077
0.796869
0.802441
0.808073
0.814131
0.820882
0.828450
0.836848
0.845974
0.855615
0.865494
0.875380
0.885126
0.894640
0.903868
0.912792
0.921457
0.929963
0.938427
0.946913
0.955386
0.963705
0.971676
0.979166
0.986171
0.992824
0.999334
1.005903
1.012652
1.019563
1.026506
1.033326
1.039863
1.045965
1.051540
1.056552
1.060986
1.064812
1.067972
1.070390
1.072002
1.072793
1.072813
1.072180
1.071061
1.069640
1.068042
1.066303
1.064387
1.062240
1.059830
1.057180
1.054361
1.051489
1.048711
1.046188
1.044074
1.042502
1.041559
1.041284
1.041663
1.042635
1.044097
1.045922
1.047982
1.050180
1.052446
1.054712
1.056895
1.058879
1.060507
1.061602
1.062014
1.061643
1.060444
1.058446
1.055791
1.052705
1.049418
1.046113
1.042903
1.039870
1.037115
1.034747
1.032840
1.031411
1.030427
1.029823
1.029558
1.029648
1.030162
1.031212
1.032947
1.035520
1.039046
1.043557
1.048989
1.055212
1.062068
1.069386
1.076983
1.084652
1.092169
1.099349
1.106082
1.112330
1.118123
1.123545
1.128698
1.133683
1.138593
1.143499
1.148447
1.153459
1.158535
1.163683
1.168921
1.174259
1.179686
1.185196
1.190814
1.196606
1.202645
1.208974
1.215576
1.222367
1.229217
1.235982
1.242531
1.248737
1.254481
1.259678
1.264306
1.268406
1.272079
1.275461
1.278710
1.281998
1.285466
1.289188
1.293132
1.297185
1.301221
1.305139
1.308847
1.312278
1.315413
1.318299
1.321051
1.323830
1.326784
1.329978
1.333374
1.336869
1.340347
1.343699
1.346833
1.349692
1.352265
1.354584
1.356708
1.358712
1.360670
1.362656
1.364735
1.366959
1.369371
1.372007
1.374885
1.378026
1.381448
1.385150
1.389099
1.393244
1.397533
1.401937
1.406478
1.411215
1.416211
1.421497
1.427067
1.432883
1.438898
1.445059
1.451298
1.457514
1.463603
1.469500
1.475195
1.480742
1.486229
1.491723
1.497255
1.502829
1.508422
1.513988
1.519442
1.524670
1.529557
1.533997
1.537914
1.541284
1.544151
1.546615
1.548793
1.550789
1.552695
1.554586
1.556530
1.558591
1.560837
1.563333
1.566129
1.569253
1.572702
1.576433
1.580359
1.584380
1.588432
1.592490
1.596546
1.600586
1.604576
1.608475
1.612240
1.615833
1.619226
1.622386
1.625283
1.627875
1.630100
1.631873
1.633093
1.633643
1.633380
1.632120
1.629635
1.625708
1.620200
1.613032
1.604154
1.593557
1.581252
1.567210
1.551320
1.533418
1.513336
1.490942
1.466157
1.438980
1.409483
1.377788
1.344032
1.308340
1.270785
1.231366
1.190009
1.146630
1.101195
1.053737
1.004412
0.953587
0.901837
0.849882
0.798530
0.748634
0.701074
0.656749
0.616378
0.580195
0.547957
0.519196
0.493376
0.469986
0.448618
0.428861
0.410230
0.392277
0.374644
0.357035
0.339188
0.320889
0.301955
0.282170
0.261239
0.238821
0.214591
0.188272
0.159601
0.128271
0.093931
0.056265
0.015073
-0.029729
-0.078198
-0.130398
-0.186397
-0.246255
-0.310001
-0.377643
-0.449170
-0.524557
-0.603771
-0.686788
-0.773614
-0.864301
-0.958943
-1.057699
-1.160792
-1.268449
-1.380851
-1.498147
-1.620476
-1.747947
-1.880500
-2.017692
-2.158605
-2.301949
-2.446236
-2.589969
-2.731721
-2.870152
-3.004299
-3.133900
-3.259363
-3.381420
-3.500755
-3.617868
-3.733109
-3.846637
-3.958356
-4.067927
-4.174880
-4.278785
-4.379268
-4.475954
-4.568537
-4.656853
-4.740859
-4.820568
-4.896021
-4.967326
-5.034777
-5.098936
-5.160526
-5.220178
-5.278263
-5.334892
-5.389880
-5.442657
-5.492379
-5.538215
-5.579515
-5.615799
-5.646732
-5.672072
-5.691624
-5.705256
-5.712916
-5.714634
-5.710515
-5.700737
-5.685526
-5.665213
-5.640363
-5.611796
-5.580610
-5.548228
-5.516271
-5.486326
-5.459771
-5.437439
-5.419511
-5.405950
-5.396830
-5.392246
-5.392114
-5.396012
-5.403230
-5.412929
-5.424091
-5.435429
-5.445499
-5.452838
-5.456206
-5.454962
-5.448983
-5.438235
-5.422616
-5.402061
-5.376576
-5.346196
-5.310937
-5.270798
-5.225770
-5.175845
-5.121024
-5.061342
-4.996883
-4.927774
-4.854139
-4.776098
-4.693786
-4.607375
-4.517041
-4.422940
-4.325241
-4.224192
-4.120129
-4.013407
-3.904341
-3.793166
-3.679983
-3.564729
-3.447174
-3.326987
-3.203842
-3.077477
-2.947710
-2.814426
-2.677570
-2.537154
-2.393258
-2.246015
-2.095614
-1.942319
-1.786504
-1.628681
-1.469550
-1.310068
-1.151372
-0.994605
-0.840833
-0.690967
-0.545787
-0.405942
-0.271839
-0.143663
-0.021507
0.094562
0.204503
0.308295
0.405909
0.497303
0.582445
0.661350
0.734130
0.801021
0.862333
0.918430
0.969741
1.016736
1.059861
1.099477
1.135813
1.169007
1.199174
1.226429
1.250880
1.272653
1.291930
1.308927
1.323825
1.336765
1.347899
1.357380
1.365342
1.371907
1.377215
1.381447
1.384820
1.387569
1.389922
1.392080
1.394202
1.396370
1.398571
1.400717
1.402664
1.404262
1.405393
1.405980
1.406027
1.405683
1.405239
1.405074
1.405642
1.407505
1.411297
1.417643
1.427106
1.440102
1.456775
1.477020
1.500538
1.526912
1.555712
1.586538
1.619016
1.652801
1.687604
1.723194
1.759346
1.795821
1.832358
1.868652
1.904346
1.939039
1.972317
2.003776
2.033052
2.059819
2.083796
2.104767
2.122604
2.137260
2.148759
2.157193
2.162723
2.165557
2.165907
2.163950
2.159837
2.153742
2.145854
2.136340
2.125321
2.112863
2.098969
2.083574
2.066560
2.047782
2.027094
2.004389
1.979618
1.952797
1.924034
1.893565
1.861745
1.829007
1.795754
1.762317
1.728918
1.695641
1.662446
1.629252
1.595986
1.562614
1.529125
1.495524
1.461832
1.428089
1.394359
1.360728
1.327293
1.294163
1.261465
1.229331
1.197874
1.167166
1.137244
1.108134
1.079836
1.052312
1.025485
0.999237
0.973412
0.947846
0.922404
0.896964
0.871392
0.845563
0.819396
0.792866
0.765988
0.738776
0.711230
0.683321
0.654994
0.626204
0.596926
0.567144
0.536859
0.506094
0.474890
0.443308
0.411426
0.379331
0.347102
0.314810
0.282553
0.250483
0.218808
0.187750
0.157498
0.128188
0.099897
0.072641
0.046376
0.021035
-0.003438
-0.027086
-0.049964
-0.072123
-0.093600
-0.114413
-0.134581
-0.154116
-0.173016
-0.191273
-0.208891
-0.225885
-0.242298
-0.258205
-0.273701
-0.288921
-0.304041
-0.319251
-0.334721
-0.350588
-0.366965
-0.383928
-0.401497
-0.419570
-0.437888
-0.456065
-0.473713
-0.490548
-0.506382
-0.521111
-0.534696
-0.547136
-0.558452
-0.568645
-0.577675
-0.585471
-0.591962
-0.597093
-0.600830
-0.603165
-0.604133
-0.603873
-0.602652
-0.600829
-0.598812
-0.597029
-0.595865
-0.595606
-0.596414
-0.598313
-0.601214
-0.604948
-0.609317
-0.614170
-0.619445
-0.625170
-0.631502
-0.638715
-0.647077
-0.656805
-0.668076
-0.681056
-0.695863
-0.712545
-0.731065
-0.751296
-0.773055
-0.796118
-0.820241
-0.845194
-0.870796
-0.896939
-0.923605
-0.950864
-0.978837
-1.007626
-1.037277
-1.067773
-1.099010
-1.130801
-1.162913
-1.195112
-1.227191
-1.258972
-1.290311
-1.321094
-1.351218
-1.380564
-1.408997
-1.436387
-1.462625
-1.487614
-1.511277
-1.533554
-1.554386
-1.573702
-1.591413
-1.607430
-1.621675
-1.634095
-1.644653
-1.653324
-1.660104
-1.665015
-1.668114
-1.669487
-1.669226
-1.667434
-1.664219
-1.659674
-1.653859
-1.646806
-1.638523
-1.628989
-1.618155
-1.605949
-1.592292
-1.577100
-1.560304
-1.541856
-1.521746
-1.500003
-1.476691
-1.451879
-1.425630
-1.398014
-1.369090
-1.338891
-1.307423
-1.274671
-1.240600
-1.205172
-1.168371
-1.130223
-1.090777
-1.050094
-1.008253
-0.965350
-0.921497
-0.876810
-0.831386
-0.785301
-0.738614
-0.691386
-0.643690
-0.595621
-0.547286
-0.498817
-0.450371
-0.402124
-0.354246
-0.306891
-0.260190
-0.214246
-0.169136
-0.124906
-0.081568
-0.039097
0.002549
0.043436
0.083668
0.123386
0.162725
0.201813
0.240791
0.279804
0.318999
0.358503
0.398416
0.438800
0.479681
0.521055
0.562898
0.605160
0.647776
0.690665
0.733717
0.776771
0.819620
0.862040
0.903818
0.944773
0.984778
1.023764
1.061704
1.098611
1.134523
1.169488
1.203546
1.236706
1.268947
1.300232
1.330516
1.359754
1.387886
1.414842
1.440547
1.464924
1.487882
1.509327
1.529173
1.547350
1.563782
1.578379
1.591084
1.601899
1.610877
1.618119
1.623760
1.627961
1.630883
1.632692
1.633571
1.633726
1.633354
1.632618
1.631641
1.630507
1.629269
1.627957
1.626585
1.625133
1.623521
1.621631
1.619329
1.616486
1.613007
1.608843
1.603978
1.598421
1.592194
1.585326
1.577847
1.569787
1.561184
1.552080
1.542509
1.532488
1.522010
1.511048
1.499555
1.487470
1.474726
1.461253
1.446989
1.431896
1.415946
1.399105
1.381326
1.362555
1.342745
1.321851
1.299821
1.276613
1.252212
1.226640
1.199959
1.172273
1.143731
1.114522
1.084869
1.055008
1.025171
0.995557
0.966313
0.937528
0.909239
0.881459
0.854191
0.827429
0.801187
0.775505
0.750453
0.726120
0.702608
0.680027
0.658477
0.638034
0.618747
0.600642
0.583735
0.568040
0.553572
0.540328
0.528283
0.517397
0.507625
0.498937
0.491324
0.484801
0.479403
0.475169
0.472129
0.470296
0.469656
0.470161
0.471730
0.474258
0.477625
0.481704
0.486354
0.491431
0.496801
0.502333
0.507889
0.513324
0.518511
0.523349
0.527753
0.531643
0.534939
0.537575
0.539502
0.540697
0.541161
0.540908
0.539952
0.538300
0.535957
0.532932
0.529231
0.524843
0.519760
0.513987
0.507544
0.500483
0.492876
0.484809
0.476374
0.467694
0.458916
0.450202
0.441716
0.433630
0.426108
0.419261
0.413141
0.407755
0.403092
0.399152
0.395964
0.393587
0.392107
0.391635
0.392298
0.394222
0.397504
0.402218
0.408409
0.416096
0.425265
0.435873
0.447866
0.461188
0.475784
0.491602
0.508595
0.526718
0.545943
0.566245
0.587593
0.609936
0.633187
0.657222
0.681887
0.707003
0.732368
0.757767
0.782977
0.807786
0.832005
0.855476
0.878069
0.899681
0.920243
0.939705
0.958028
0.975184
0.991151
1.005901
1.019389
1.031555
1.042341
1.051711
1.059654
1.066178
1.071313
1.075133
1.077743
1.079273
1.079865
1.079663
1.078788
1.077328
1.075329
1.072787
1.069658
1.065886
1.061419
1.056216
1.050255
1.043547
1.036127
1.028040
1.019342
1.010089
1.000336
0.990120
0.979444
0.968281
0.956569
0.944242
0.931249
0.917555
0.903128
0.887949
0.872022
0.855384
0.838102
0.820254
0.801908
0.783109
0.763882
0.744243
0.724191
0.703712
0.682809
0.661517
0.639895
0.618005
0.595911
0.573681
0.551384
0.529095
0.506871
0.484746
0.462740
0.440879
0.419195
0.397710
0.376426
0.355325
0.334389
0.313598
0.292928
0.272357
0.251881
0.231520
0.211311
0.191301
0.171550
0.152142
0.133172
0.114736
0.096916
0.079779
0.063369
0.047713
0.032828
0.018726
0.005422
-0.007075
-0.018756
-0.029596
-0.039562
-0.048611
-0.056705
-0.063809
-0.069894
-0.074948
-0.078978
-0.082022
-0.084145
-0.085447
-0.086049
-0.086089
-0.085707
-0.085023
-0.084129
-0.083090
-0.081920
-0.080582
-0.079008
-0.077125
-0.074869
-0.072187
-0.069035
-0.065390
-0.061251
-0.056636
-0.051575
-0.046111
-0.040292
-0.034163
-0.027755
-0.021075
-0.014121
-0.006876
0.000687
0.008599
0.016877
0.025525
0.034523
0.043831
0.053392
0.063146
0.073033
0.082995
0.092965
0.102877
0.112681
0.122351
0.131883
0.141296
0.150618
0.159889
0.169160
0.178496
0.187960
0.197584
0.207361
0.217269
0.227280
0.237361
0.247480
0.257614
0.267749
0.277887
0.288037
0.298213
0.308437
0.318741
0.329158
0.339709
0.350393
0.361185
0.372048
0.382938
0.393825
0.404690
0.415516
0.426286
0.436977
0.447563
0.458020
0.468329
0.478482
0.488472
0.498291
0.507926
0.517365
0.526586
0.535550
0.544216
0.552542
0.560515
0.568159
0.575539
0.582720
0.589768
0.596743
0.603686
0.610612
0.617518
0.624397
0.631242
0.638053
0.644857
0.651698
0.658636
0.665740
0.673087
0.680736
0.688721
0.697041
0.705678
0.714586
0.723691
0.732891
0.742076
0.751125
0.759922
0.768360
0.776337
0.783752
0.790519
0.796572
0.801863
0.806355
0.810030
0.812891
0.814958
0.816271
0.816872
0.816802
0.816098
0.814783
0.812862
0.810333
0.807183
0.803387
0.798908
0.793713
0.787774
0.781072
0.773603
0.765384
0.756440
0.746805
0.736509
0.725590
0.714085
0.702040
0.689495
0.676489
0.663062
0.649263
0.635145
0.620768
0.606198
0.591492
0.576707
0.561898
0.547118
0.532410
0.517796
0.503277
0.488833
0.474422
0.459984
0.445452
0.430763
0.415864
0.400722
0.385328
0.369696
0.353859
0.337858
0.321739
0.305551
0.289345
0.273157
0.257004
0.240889
0.224814
0.208799
0.192888
0.177138
0.161613
0.146380
0.131504
0.117038
0.103028
0.089521
0.076552
0.064138
0.052279
0.040974
0.030225
0.020051
0.010484
0.001565
-0.006659
-0.014142
-0.020842
-0.026723
-0.031746
-0.035880
-0.039114
-0.041452
-0.042903
-0.043482
-0.043208
-0.042098
-0.040161
-0.037405
-0.033833
-0.029452
-0.024286
-0.018382
-0.011808
-0.004655
0.002961
0.010913
0.019068
0.027304
0.035517
0.043616
0.051508
0.059103
0.066321
0.073088
0.079339
0.085016
0.090076
0.094489
0.098239
0.101322
0.103763
0.105623
0.106999
0.108008
0.108782
0.109464
0.110190
0.111076
0.112213
0.113671
0.115496
0.117700
0.120271
0.123178
0.126389
0.129869
0.133590
0.137536
0.141708
0.146138
0.150886
0.156028
0.161614
0.167674
0.174235
0.181320
0.188939
0.197094
0.205781
0.214991
0.224700
0.234877
0.245483
0.256476
0.267805
0.279423
0.291282
0.303334
0.315536
0.327863
0.340307
0.352874
0.365582
0.378471
0.391586
0.404964
0.418611
0.432512
0.446635
0.460932
0.475325
0.489715
0.503999
0.518093
0.531944
0.545518
0.558795
0.571749
0.584354
0.596581
0.608399
0.619769
0.630656
0.641029
0.650859
0.660117
0.668788
0.676876
0.684403
0.691401
0.697915
0.704003
0.709736
0.715178
0.720381
0.725396
0.730276
0.735064
0.739783
0.744433
0.749005
0.753487
0.757863
0.762113
0.766205
0.770101
0.773762
0.777137
0.780163
0.782769
0.784876
0.786405
0.787280
0.787439
0.786838
0.785450
0.783264
0.780282
0.776506
0.771938
0.766589
0.760473
0.753610
0.746013
0.737688
0.728635
0.718855
0.708349
0.697116
0.685155
0.672474
0.659088
0.645015
0.630277
0.614903
0.598939
0.582440
0.565466
0.548078
0.530353
0.512364
0.494164
0.475794
0.457274
0.438609
0.419790
0.400808
0.381655
0.362327
0.342833
0.323180
0.303376
0.283423
0.263322
0.243066
0.222647
0.202059
0.181314
0.160441
0.139478
0.118471
0.097470
0.076516
0.055635
0.034847
0.014162
-0.006409
-0.026842
-0.047098
-0.067135
-0.086904
-0.106349
-0.125411
-0.144027
-0.162131
-0.179668
-0.196597
-0.212899
-0.228565
-0.243593
-0.257970
-0.271685
-0.284727
-0.297089
-0.308764
-0.319741
-0.330016
-0.339591
-0.348469
-0.356655
-0.364153
-0.370962
-0.377078
-0.382485
-0.387169
-0.391120
-0.394329
-0.396784
-0.398479
-0.399414
-0.399590
-0.399012
-0.397707
-0.395713
-0.393090
-0.389913
-0.386274
-0.382273
-0.377999
-0.373538
-0.368976
-0.364391
-0.359851
-0.355420
-0.351160
-0.347133
-0.343392
-0.339982
-0.336944
-0.334317
-0.332137
-0.330425
-0.329195
-0.328445
-0.328163
-0.328319
-0.328874
-0.329781
-0.330994
-0.332472
-0.334187
-0.336122
-0.338278
-0.340660
-0.343284
-0.346167
-0.349313
-0.352719
-0.356377
-0.360271
-0.364378
-0.368668
-0.373119
-0.377730
-0.382511
-0.387472
-0.392629
-0.398004
-0.403621
-0.409496
-0.415643
-0.422070
-0.428788
-0.435804
-0.443130
-0.450784
-0.458778
-0.467122
-0.475816
-0.484856
-0.494228
-0.503913
-0.513890
-0.524134
-0.534631
-0.545372
-0.556355
-0.567580
-0.579046
-0.590731
-0.602602
-0.614633
-0.626816
-0.639142
-0.651593
-0.664149
-0.676794
-0.689522
-0.702325
-0.715201
-0.728143
-0.741146
-0.754203
-0.767304
-0.780428
-0.793545
-0.806613
-0.819583
-0.832404
-0.845027
-0.857413
-0.869533
-0.881367
-0.892900
-0.904129
-0.915062
-0.925709
-0.936078
-0.946175
-0.956018
-0.965630
-0.975039
-0.984265
-0.993319
-1.002204
-1.010919
-1.019457
-1.027810
-1.035967
-1.043927
-1.051695
-1.059285
-1.066715
-1.074008
-1.081197
-1.088314
-1.095393
-1.102466
-1.109560
-1.116694
-1.123871
-1.131084
-1.138312
-1.145530
-1.152704
-1.159803
-1.166797
-1.173664
-1.180389
-1.186961
-1.193376
-1.199635
-1.205734
-1.211660
-1.217400
-1.222939
-1.228264
-1.233367
-1.238236
-1.242857
-1.247205
-1.251256
-1.254994
-1.258426
-1.261585
-1.264516
-1.267270
-1.269896
-1.272427
-1.274878
-1.277247
-1.279517
-1.281652
-1.283599
-1.285300
-1.286699
-1.287752
-1.288423
-1.288682
-1.288505
-1.287865
-1.286736
-1.285089
-1.282900
-1.280143
-1.276803
-1.272876
-1.268377
-1.263332
-1.257759
-1.251678
-1.245118
-1.238116
-1.230707
-1.222924
-1.214788
-1.206309
-1.197489
-1.188323
-1.178801
-1.168918
-1.158675
-1.148081
-1.137150
-1.125909
-1.114382
-1.102590
-1.090551
-1.078281
-1.065785
-1.053049
-1.040052
-1.026773
-1.013185
-0.999259
-0.984958
-0.970248
-0.955096
-0.939480
-0.923381
-0.906786
-0.889690
-0.872093
-0.854004
-0.835436
-0.816424
-0.797021
-0.777303
-0.757351
-0.737258
-0.717134
-0.697097
-0.677246
-0.657653
-0.638369
-0.619434
-0.600870
-0.582676
-0.564841
-0.547350
-0.530191
-0.513353
-0.496838
-0.480655
-0.464832
-0.449398
-0.434378
-0.419789
-0.405652
-0.391991
-0.378821
-0.366142
-0.353947
-0.342216
-0.330909
-0.319970
-0.309352
-0.299036
-0.289025
-0.279324
-0.269923
-0.260804
-0.251960
-0.243396
-0.235125
-0.227147
-0.219449
-0.212013
-0.204822
-0.197851
-0.191072
-0.184461
-0.178011
-0.171728
-0.165619
-0.159687
-0.153943
-0.148391
-0.143035
-0.137882
-0.132948
-0.128251
-0.123805
-0.119624
-0.115718
-0.112096
-0.108770
-0.105750
-0.103041
-0.100636
-0.098525
-0.096701
-0.095164
-0.093919
-0.092976
-0.092346
-0.092043
-0.092090
-0.092510
-0.093324
-0.094536
-0.096139
-0.098122
-0.100464
-0.103142
-0.106134
-0.109423
-0.112993
-0.116830
-0.120924
-0.125263
-0.129836
-0.134635
-0.139652
-0.144880
-0.150313
-0.155952
-0.161797
-0.167838
-0.174062
-0.180450
-0.186983
-0.193641
-0.200405
-0.207258
-0.214180
-0.221157
-0.228175
-0.235227
-0.242304
-0.249403
-0.256530
-0.263694
-0.270898
-0.278132
-0.285383
-0.292634
-0.299866
-0.307053
-0.314166
-0.321181
-0.328089
-0.334897
-0.341619
-0.348272
-0.354872
-0.361434
-0.367964
-0.374455
-0.380878
-0.387197
-0.393365
-0.399333
-0.405061
-0.410524
-0.415713
-0.420637
-0.425329
-0.429831
-0.434199
-0.438495
-0.442777
-0.447088
-0.451465
-0.455960
-0.460621
-0.465478
-0.470546
-0.475835
-0.481355
-0.487109
-0.493086
-0.499270
-0.505643
-0.512188
-0.518884
-0.525705
-0.532621
-0.539599
-0.546611
-0.553631
-0.560642
-0.567621
-0.574543
-0.581390
-0.588162
-0.594867
-0.601521
-0.608143
-0.614738
-0.621308
-0.627862
-0.634415
-0.640986
-0.647582
-0.654199
-0.660823
-0.667446
-0.674065
-0.680680
-0.687285
-0.693872
-0.700437
-0.706980
-0.713495
-0.719964
-0.726352
-0.732611
-0.738693
-0.744548
-0.750123
-0.755370
-0.760257
-0.764761
-0.768865
-0.772554
-0.775818
-0.778652
-0.781059
-0.783039
-0.784584
-0.785681
-0.786315
-0.786484
-0.786197
-0.785465
-0.784291
-0.782682
-0.780650
-0.778203
-0.775346
-0.772081
-0.768402
-0.764298
-0.759752
-0.754751
-0.749295
-0.743392
-0.737068
-0.730362
-0.723333
-0.716055
-0.708616
-0.701107
-0.693611
-0.686200
-0.678929
-0.671834
-0.664935
-0.658250
-0.651786
-0.645540
-0.639501
-0.633648
-0.627955
-0.622391
-0.616915
-0.611482
-0.606044
-0.600563
-0.594999
-0.589307
-0.583450
-0.577405
-0.571165
-0.564730
-0.558100
-0.551271
-0.544234
-0.536974
-0.529481
-0.521758
-0.513812
-0.505654
-0.497292
-0.488739
-0.480008
-0.471123
-0.462120
-0.453045
-0.443936
-0.434820
-0.425713
-0.416623
-0.407553
-0.398504
-0.389477
-0.380476
-0.371509
-0.362582
-0.353708
-0.344911
-0.336228
-0.327701
-0.319370
-0.311263
-0.303396
-0.295779
-0.288413
-0.281297
-0.274421
-0.267773
-0.261331
-0.255059
-0.248908
-0.242822
-0.236746
-0.230630
-0.224420
-0.218069
-0.211545
-0.204830
-0.197922
-0.190832
-0.183581
-0.176196
-0.168704
-0.161138
-0.153533
-0.145919
-0.138315
-0.130741
-0.123219
-0.115780
-0.108462
-0.101302
-0.094315
-0.087506
-0.080879
-0.074440
-0.068188
-0.062122
-0.056240
-0.050539
-0.045014
-0.039664
-0.034484
-0.029450
-0.024527
-0.019680
-0.014875
-0.010075
-0.005244
-0.000343
0.004667
0.009826
0.015171
0.020726
0.026499
0.032500
0.038733
0.045198
0.051892
0.058815
0.065969
0.073352
0.080961
0.088788
0.096816
0.105037
0.113460
0.122103
0.130967
0.140035
0.149278
0.158668
0.168176
0.177771
0.187424
0.197097
0.206749
0.216345
0.225864
0.235297
0.244638
0.253879
0.263002
0.271990
0.280821
0.289471
0.297906
0.306084
0.313967
0.321514
0.328686
0.335436
0.341717
0.347480
0.352669
0.357239
0.361160
0.364412
0.366970
0.368819
0.369953
0.370370
0.370081
0.369098
0.367434
0.365104
0.362124
0.358516
0.354307
0.349530
0.344222
0.338425
0.332181
0.325533
0.318513
0.311152
0.303480
0.295524
0.287305
0.278833
0.270112
0.261144
0.251930
0.242472
0.232769
0.222815
0.212606
0.202132
0.191382
0.180343
0.169004
0.157357
0.145399
0.133125
0.120538
0.107654
0.094493
0.081067
0.067383
0.053452
0.039295
0.024941
0.010417
-0.004246
-0.019020
-0.033873
-0.048767
-0.063664
-0.078520
-0.093299
-0.107967
-0.122484
-0.136799
-0.150865
-0.164630
-0.178043
-0.191057
-0.203640
-0.215773
-0.227454
-0.238695
-0.249516
-0.259945
-0.270012
-0.279739
-0.289145
-0.298240
-0.307021
-0.315466
-0.323535
-0.331196
-0.338427
-0.345208
-0.351525
-0.357367
-0.362725
-0.367590
-0.371955
-0.375820
-0.379180
-0.382032
-0.384369
-0.386190
-0.387499
-0.388318
-0.388682
-0.388632
-0.388207
-0.387453
-0.386414
-0.385127
-0.383617
-0.381904
-0.380006
-0.377934
-0.375686
-0.373260
-0.370661
-0.367905
-0.365015
-0.362026
-0.358977
-0.355908
-0.352850
-0.349822
-0.346835
-0.343892
-0.340986
-0.338099
-0.335205
-0.332275
-0.329289
-0.326244
-0.323137
-0.319959
-0.316696
-0.313348
-0.309915
-0.306402
-0.302809
-0.299127
-0.295341
-0.291433
-0.287385
-0.283177
-0.278784
-0.274184
-0.269360
-0.264302
-0.259000
-0.253446
-0.247628
-0.241534
-0.235155
-0.228476
-0.221488
-0.214182
-0.206547
-0.198572
-0.190245
-0.181563
-0.172521
-0.163121
-0.153372
-0.143283
-0.132865
-0.122129
-0.111094
-0.099791
-0.088248
-0.076495
-0.064563
-0.052483
-0.040287
-0.028007
-0.015672
-0.003307
0.009074
0.021455
0.033833
0.046210
0.058587
0.070966
0.083350
0.095734
0.108105
0.120442
0.132727
0.144937
0.157042
0.169003
0.180793
0.192397
0.203805
0.215010
0.226011
0.236805
0.247389
0.257750
0.267878
0.277755
0.287372
0.296733
0.305856
0.314735
0.323352
0.331711
0.339836
0.347749
0.355477
0.363052
0.370501
0.377851
0.385136
0.392398
0.399682
0.407029
0.414470
0.422023
0.429700
0.437505
0.445429
0.453452
0.461559
0.469731
0.477946
0.486177
0.494393
0.502560
0.510642
0.518598
0.526380
0.533940
0.541229
0.548200
0.554816
0.561038
0.566834
0.572176
0.577051
0.581451
0.585374
0.588813
0.591770
0.594244
0.596236
0.597751
0.598799
0.599395
0.599546
0.599254
0.598517
0.597330
0.595686
0.593574
0.590978
0.587880
0.584258
0.580089
0.575354
0.570038
0.564130
0.557629
0.550539
0.542872
0.534645
0.525875
0.516582
0.506791
0.496526
0.485814
0.474685
0.463175
0.451322
0.439166
0.426748
0.414114
0.401317
0.388410
0.375448
0.362488
0.349588
0.336801
0.324174
0.311749
0.299555
0.287612
0.275936
0.264540
0.253422
0.242571
0.231971
0.221614
0.211496
0.201626
0.192020
0.182700
0.173692
0.165024
0.156729
0.148836
0.141362
0.134312
0.127676
0.121436
0.115565
0.110026
0.104776
0.099772
0.094977
0.090358
0.085881
0.081513
0.077226
0.073003
0.068842
0.064756
0.060760
0.056865
0.053089
0.049448
0.045957
0.042622
0.039445
0.036427
0.033581
0.030907
0.028386
0.025985
0.023686
0.021484
0.019373
0.017336
0.015360
0.013438
0.011572
0.009764
0.008021
0.006357
0.004788
0.003339
0.002037
0.000915
0.000001
-0.000677
-0.001086
-0.001190
-0.000962
-0.000392
0.000523
0.001783
0.003390
0.005347
0.007655
0.010302
0.013274
0.016559
0.020143
0.024015
0.028165
0.032587
0.037268
0.042191
0.047326
0.052644
0.058112
0.063704
0.069384
0.075116
0.080879
0.086662
0.092455
0.098253
0.104064
0.109905
0.115779
0.121680
0.127607
0.133571
0.139577
0.145620
0.151697
0.157809
0.163962
0.170158
0.176398
0.182679
0.189002
0.195367
0.201763
0.208155
0.214494
0.220740
0.226867
0.232853
0.238675
0.244311
0.249750
0.254983
0.259999
0.264782
0.269322
0.273605
0.277620
0.281352
0.284791
0.287928
0.290763
0.293294
0.295526
0.297479
0.299179
0.300650
0.301910
0.302982
0.303900
0.304698
0.305400
0.306021
0.306570
0.307053
0.307476
0.307848
0.308181
0.308487
0.308775
0.309051
0.309324
0.309597
0.309875
0.310161
0.310454
0.310754
0.311064
0.311383
0.311713
0.312054
0.312410
0.312789
0.313200
0.313652
0.314157
0.314723
0.315359
0.316069
0.316856
0.317718
0.318647
0.319638
0.320681
0.321767
0.322884
0.324023
0.325173
0.326327
0.327481
0.328628
0.329756
0.330846
0.331884
0.332857
0.333752
0.334554
0.335251
0.335837
0.336314
0.336679
0.336934
0.337081
0.337115
0.337027
0.336809
0.336443
0.335908
0.335181
0.334240
0.333067
0.331646
0.329968
0.328028
0.325825
0.323359
0.320634
0.317659
0.314445
0.311003
0.307345
0.303495
0.299483
0.295320
0.291010
0.286554
0.281962
0.277251
0.272440
0.267549
0.262597
0.257599
0.252564
0.247498
0.242397
0.237254
0.232062
0.226817
0.221518
0.216159
0.210744
0.205284
0.199800
0.194309
0.188829
0.183381
0.177973
0.172603
0.167269
0.161980
0.156744
0.151564
0.146440
0.141378
0.136383
0.131455
0.126594
0.121800
0.117071
0.112405
0.107800
0.103260
0.098780
0.094348
0.089957
0.085619
0.081361
0.077207
0.073170
0.069267
0.065516
0.061941
0.058557
0.055378
0.052409
0.049646
0.047087
0.044733
0.042586
0.040658
0.038962
0.037514
0.036335
0.035448
0.034878
0.034644
0.034765
0.035258
0.036127
0.037374
0.038992
0.040979
0.043329
0.046038
0.049096
0.052490
0.056207
0.060232
0.064550
0.069149
0.074015
0.079136
0.084503
0.090108
0.095948
0.102015
0.108299
0.114788
0.121471
0.128335
0.135355
0.142498
0.149728
0.157004
0.164290
0.171549
0.178745
0.185849
0.192832
0.199675
0.206363
0.212874
0.219191
0.225299
0.231163
0.236742
0.242008
0.246957
0.251589
0.255899
0.259884
0.263541
0.266870
0.269865
0.272522
0.274837
0.276806
0.278423
0.279686
0.280591
0.281141
0.281333
0.281169
0.280656
0.279808
0.278639
0.277157
0.275368
0.273286
0.270941
0.268372
0.265609
0.262673
0.259581
0.256345
0.252973
0.249474
0.245851
0.242113
0.238271
0.234332
0.230296
0.226165
0.221947
0.217654
0.213295
0.208885
0.204437
0.199952
0.195428
0.190867
0.186276
0.181666
0.177055
0.172455
0.167877
0.163330
0.158823
0.154365
0.149961
0.145617
0.141337
0.137127
0.132998
0.128965
0.125044
0.121259
0.117635
0.114194
0.110956
0.107935
0.105146
0.102599
0.100303
0.098260
0.096470
0.094934
0.093652
0.092625
0.091862
0.091367
0.091138
0.091173
0.091462
0.091991
0.092749
0.093724
0.094892
0.096223
0.097687
0.099269
0.100959
0.102747
0.104627
0.106592
0.108639
0.110770
0.112982
0.115273
0.117641
0.120080
0.122589
0.125168
0.127822
0.130548
0.133339
0.136195
0.139118
0.142113
0.145184
0.148333
0.151558
0.154857
0.158222
0.161644
0.165107
0.168592
0.172080
0.175550
0.178981
0.182355
0.185654
0.188865
0.191976
0.194979
0.197867
0.200633
0.203272
0.205786
0.208191
0.210506
0.212750
0.214927
0.217027
0.219034
0.220927
0.222684
0.224275
0.225677
0.226871
0.227840
0.228574
0.229066
0.229315
0.229328
0.229113
0.228675
0.228016
0.227141
0.226054
0.224756
0.223252
0.221550
0.219657
0.217582
0.215332
0.212923
0.210372
0.207693
0.204896
0.201989
0.198979
0.195873
0.192682
0.189415
0.186082
0.182693
0.179260
0.175804
0.172349
0.168917
0.165527
0.162198
0.158945
0.155778
0.152702
0.149721
0.146832
0.144034
0.141322
0.138687
0.136119
0.133608
0.131146
0.128728
0.126349
0.124007
0.121695
0.119410
0.117152
0.114925
0.112729
0.110562
0.108424
0.106320
0.104257
0.102243
0.100288
0.098401
0.096592
0.094873
0.093263
0.091784
0.090444
0.089235
0.088148
0.087170
0.086296
0.085514
0.084808
0.084162
0.083558
0.082980
0.082408
0.081822
0.081205
0.080541
0.079807
0.078977
0.078030
0.076949
0.075715
0.074301
0.072669
0.070780
0.068606
0.066132
0.063348
0.060246
0.056826
0.053097
0.049074
0.044773
0.040206
0.035380
0.030305
0.024994
0.019464
0.013729
0.007801
0.001686
-0.004608
-0.011072
-0.017695
-0.024467
-0.031375
-0.038400
-0.045525
-0.052740
-0.060028
-0.067366
-0.074735
-0.082120
-0.089503
-0.096875
-0.104228
-0.111555
-0.118847
-0.126097
-0.133298
-0.140450
-0.147549
-0.154591
-0.161574
-0.168491
-0.175336
-0.182103
-0.188784
-0.195373
-0.201863
-0.208245
-0.214507
-0.220636
-0.226624
-0.232462
-0.238140
-0.243644
-0.248962
-0.254085
-0.258998
-0.263682
-0.268120
-0.272291
-0.276170
-0.279735
-0.282978
-0.285882
-0.288425
-0.290590
-0.292362
-0.293731
-0.294685
-0.295209
-0.295297
-0.294943
-0.294148
-0.292912
-0.291234
-0.289116
-0.286563
-0.283577
-0.280157
-0.276296
-0.271991
-0.267252
-0.262099
-0.256549
-0.250616
-0.244319
-0.237681
-0.230728
-0.223487
-0.215995
-0.208288
-0.200402
-0.192370
-0.184225
-0.175994
-0.167699
-0.159350
-0.150958
-0.142532
-0.134077
-0.125602
-0.117109
-0.108594
-0.100054
-0.091492
-0.082916
-0.074327
-0.065710
-0.057047
-0.048328
-0.039549
-0.030709
-0.021807
-0.012840
-0.003806
0.005302
0.014494
0.023775
0.033149
0.042626
0.052221
0.061947
0.071813
0.081820
0.091971
0.102265
0.112698
0.123259
0.133935
0.144711
0.155566
0.166473
0.177406
0.188340
0.199249
0.210111
0.220907
0.231621
0.242243
0.252761
0.263169
0.273460
0.283630
0.293675
0.303591
0.313373
0.323018
0.332522
0.341883
0.351090
0.360131
0.368997
0.377682
0.386181
0.394486
0.402589
0.410480
0.418155
0.425615
0.432860
0.439888
0.446692
0.453269
0.459625
0.465766
0.471696
0.477421
0.482951
0.488292
0.493445
0.498413
0.503192
0.507779
0.512169
0.516361
0.520349
0.524124
0.527682
0.531032
0.534185
0.537162
0.539980
0.542645
0.545160
0.547532
0.549774
0.551894
0.553893
0.555767
0.557513
0.559132
0.560625
0.561990
0.563215
0.564292
0.565212
0.565962
0.566527
0.566884
0.567013
0.566895
0.566518
0.565868
0.564931
0.563692
0.562144
0.560287
0.558127
0.555682
0.552967
0.550000
0.546793
0.543351
0.539681
0.535790
0.531688
0.527382
0.522884
0.518205
0.513367
0.508392
0.503303
0.498116
0.492837
0.487463
0.481991
0.476422
0.470755
0.464987
0.459116
0.453136
0.447042
0.440833
0.434510
0.428077
0.421534
0.414883
0.408119
0.401239
0.394237
0.387111
0.379858
0.372475
0.364955
0.357295
0.349496
0.341558
0.333484
0.325279
0.316946
0.308492
0.299928
0.291261
0.282499
0.273655
0.264744
0.255785
0.246797
0.237796
0.228803
0.219839
0.210920
0.202062
0.193283
0.184600
0.176025
0.167572
0.159251
0.151063
0.142999
0.135049
0.127200
0.119435
0.111728
0.104056
0.096395
0.088729
0.081041
0.073325
0.065583
0.057826
0.050061
0.042286
0.034501
0.026714
0.018938
0.011179
0.003438
-0.004284
-0.011983
-0.019654
-0.027296
-0.034923
-0.042555
-0.050202
-0.057867
-0.065550
-0.073262
-0.081014
-0.088814
-0.096658
-0.104542
-0.112464
-0.120424
-0.128418
-0.136433
-0.144445
-0.152431
-0.160370
-0.168238
-0.176008
-0.183653
-0.191157
-0.198516
-0.205726
-0.212780
-0.219671
-0.226404
-0.232979
-0.239401
-0.245672
-0.251799
-0.257792
-0.263667
-0.269439
-0.275121
-0.280725
-0.286270
-0.291775
-0.297249
-0.302694
-0.308116
-0.313526
-0.318933
-0.324333
-0.329717
-0.335083
-0.340432
-0.345763
-0.351070
-0.356344
-0.361575
-0.366754
-0.371873
-0.376916
-0.381868
-0.386708
-0.391414
-0.395960
-0.400324
-0.404484
-0.408418
-0.412100
-0.415512
-0.418642
-0.421485
-0.424037
-0.426291
-0.428242
-0.429887
-0.431225
-0.432256
-0.432979
-0.433394
-0.433502
-0.433301
-0.432790
-0.431966
-0.430831
-0.429387
-0.427631
-0.425565
-0.423189
-0.420512
-0.417544
-0.414289
-0.410744
-0.406906
-0.402763
-0.398310
-0.393548
-0.388485
-0.383128
-0.377484
-0.371564
-0.365373
-0.358920
-0.352214
-0.345268
-0.338089
-0.330686
-0.323070
-0.315248
-0.307231
-0.299028
-0.290653
-0.282120
-0.273450
-0.264666
-0.255787
-0.246828
-0.237799
-0.228723
-0.219625
-0.210527
-0.201442
-0.192374
-0.183327
-0.174315
-0.165358
-0.156476
-0.147689
-0.139008
-0.130446
-0.122014
-0.113720
-0.105570
-0.097565
-0.089700
-0.081963
-0.074347
-0.066847
-0.059459
-0.052180
-0.045010
-0.037949
-0.030996
-0.024149
-0.017404
-0.010759
-0.004215
0.002228
0.008576
0.014835
0.021014
0.027123
0.033171
0.039166
0.045114
0.051024
0.056900
0.062746
0.068559
0.074335
0.080072
0.085770
0.091426
0.097032
0.102580
0.108061
0.113467
0.118789
0.124016
0.129136
0.134138
0.139012
0.143750
0.148349
0.152806
0.157115
0.161281
0.165314
0.169222
0.173011
0.176687
0.180261
0.183749
0.187162
0.190506
0.193785
0.197004
0.200167
0.203275
0.206329
0.209328
0.212267
0.215134
0.217917
0.220608
0.223203
0.225701
0.228089
0.230350
0.232462
0.234413
0.236195
0.237796
0.239207
0.240418
0.241419
0.242206
0.242773
0.243113
0.243219
0.243090
0.242726
0.242121
0.241264
0.240149
0.238778
0.237158
0.235292
0.233181
0.230827
0.228227
0.225372
0.222264
0.218914
0.215343
0.211563
0.207581
0.203404
0.199046
0.194518
0.189830
0.184989
0.180009
0.174900
0.169673
0.164336
0.158896
0.153364
0.147748
0.142053
0.136285
0.130452
0.124557
0.118602
0.112581
0.106489
0.100322
0.094077
0.087750
0.081341
0.074856
0.068305
0.061699
0.055055
0.048390
0.041722
0.035059
0.028413
0.021795
0.015216
0.008684
0.002199
-0.004236
-0.010621
-0.016958
-0.023254
-0.029516
-0.035753
-0.041973
-0.048186
-0.054401
-0.060628
-0.066871
-0.073128
-0.079397
-0.085676
-0.091956
-0.098229
-0.104481
-0.110700
-0.116872
-0.122983
-0.129023
-0.134976
-0.140830
-0.146572
-0.152195
-0.157697
-0.163078
-0.168340
-0.173485
-0.178515
-0.183435
-0.188252
-0.192968
-0.197577
-0.202075
-0.206464
-0.210750
-0.214938
-0.219028
-0.223018
-0.226901
-0.230666
-0.234303
-0.237805
-0.241165
-0.244381
-0.247447
-0.250358
-0.253112
-0.255711
-0.258158
-0.260455
-0.262599
-0.264591
-0.266437
-0.268145
-0.269720
-0.271173
-0.272518
-0.273767
-0.274917
-0.275963
-0.276891
-0.277691
-0.278351
-0.278861
-0.279210
-0.279387
-0.279382
-0.279185
-0.278785
-0.278175
-0.277354
-0.276323
-0.275085
-0.273642
-0.272000
-0.270164
-0.268142
-0.265943
-0.263575
-0.261051
-0.258379
-0.255570
-0.252634
-0.249583
-0.246435
-0.243207
-0.239915
-0.236569
-0.233179
-0.229752
-0.226297
-0.222824
-0.219343
-0.215864
-0.212392
-0.208931
-0.205484
-0.202050
-0.198632
-0.195226
-0.191825
-0.188415
-0.184980
-0.181509
-0.177993
-0.174422
-0.170780
-0.167057
-0.163244
-0.159332
-0.155314
-0.151186
-0.146949
-0.142611
-0.138181
-0.133673
-0.129097
-0.124469
-0.119804
-0.115122
-0.110442
-0.105779
-0.101143
-0.096548
-0.092008
-0.087538
-0.083152
-0.078859
-0.074664
-0.070565
-0.066560
-0.062635
-0.058778
-0.054985
-0.051260
-0.047606
-0.044018
-0.040493
-0.037019
-0.033586
-0.030182
-0.026796
-0.023416
-0.020027
-0.016621
-0.013190
-0.009727
-0.006225
-0.002675
0.000926
0.004582
0.008297
0.012077
0.015929
0.019853
0.023858
0.027956
0.032155
0.036461
0.040883
0.045437
0.050138
0.054988
0.059978
0.065098
0.070334
0.075674
0.081107
0.086623
0.092209
0.097853
0.103545
0.109279
0.115046
0.120836
0.126642
0.132472
0.138338
0.144235
0.150138
0.156035
0.161925
0.167805
0.173667
0.179489
0.185247
0.190921
0.196497
0.201957
0.207278
0.212433
0.217404
0.222174
0.226733
0.231078
0.235206
0.239116
0.242816
0.246320
0.249644
0.252791
0.255751
0.258511
0.261065
0.263411
0.265547
0.267466
0.269167
0.270653
0.271929
0.272991
0.273832
0.274447
0.274832
0.274986
0.274906
0.274592
0.274047
0.273275
0.272286
0.271090
0.269701
0.268136
0.266413
0.264551
0.262562
0.260458
0.258251
0.255954
0.253570
0.251100
0.248550
0.245932
0.243262
0.240546
0.237784
0.234976
0.232125
0.229239
0.226325
0.223385
0.220421
0.217440
0.214442
0.211420
0.208364
0.205268
0.202124
0.198924
0.195662
0.192331
0.188925
0.185438
0.181864
0.178194
0.174421
0.170539
0.166533
0.162390
0.158102
0.153672
0.149108
0.144414
0.139593
0.134650
0.129590
0.124419
0.119140
0.113754
0.108267
0.102684
0.097010
0.091250
0.085418
0.079530
0.073591
0.067598
0.061549
0.055450
0.049306
0.043120
0.036894
0.030631
0.024336
0.018023
0.011700
0.005369
-0.000971
-0.007320
-0.013671
-0.020020
-0.026366
-0.032707
-0.039041
-0.045368
-0.051684
-0.057977
-0.064247
-0.070503
-0.076744
-0.082958
-0.089138
-0.095277
-0.101372
-0.107413
-0.113395
-0.119311
-0.125148
-0.130892
-0.136535
-0.142073
-0.147507
-0.152839
-0.158071
-0.163207
-0.168255
-0.173228
-0.178137
-0.182995
-0.187815
-0.192607
-0.197376
-0.202131
-0.206878
-0.211616
-0.216345
-0.221069
-0.225791
-0.230512
-0.235233
-0.239944
-0.244633
-0.249286
-0.253898
-0.258478
-0.263031
-0.267548
-0.272020
-0.276431
-0.280769
-0.285025
-0.289197
-0.293277
-0.297262
-0.301148
-0.304928
-0.308592
-0.312130
-0.315531
-0.318787
-0.321890
-0.324832
-0.327600
-0.330177
-0.332551
-0.334721
-0.336689
-0.338459
-0.340023
-0.341365
-0.342475
-0.343349
-0.343985
-0.344379
-0.344527
-0.344425
-0.344074
-0.343477
-0.342638
-0.341557
-0.340237
-0.338687
-0.336915
-0.334920
-0.332702
-0.330264
-0.327619
-0.324782
-0.321766
-0.318577
-0.315220
-0.311705
-0.308048
-0.304266
-0.300375
-0.296388
-0.292318
-0.288179
-0.283978
-0.279718
-0.275401
-0.271043
-0.266653
-0.262235
-0.257786
-0.253308
-0.248803
-0.244272
-0.239715
-0.235132
-0.230526
-0.225903
-0.221266
-0.216618
-0.211963
-0.207302
-0.202635
-0.197963
-0.193284
-0.188597
-0.183896
-0.179173
-0.174422
-0.169638
-0.164815
-0.159948
-0.155031
-0.150061
-0.145035
-0.139949
-0.134800
-0.129589
-0.124317
-0.118982
-0.113582
-0.108116
-0.102580
-0.096975
-0.091303
-0.085567
-0.079759
-0.073871
-0.067896
-0.061834
-0.055692
-0.049482
-0.043214
-0.036893
-0.030523
-0.024108
-0.017655
-0.011173
-0.004676
0.001820
0.008300
0.014746
0.021137
0.027457
0.033693
0.039831
0.045858
0.051764
0.057541
0.063185
0.068691
0.074057
0.079278
0.084348
0.089271
0.094064
0.098750
0.103347
0.107869
0.112322
0.116713
0.121049
0.125336
0.129579
0.133779
0.137935
0.142044
0.146103
0.150110
0.154065
0.157963
0.161800
0.165570
0.169270
0.172901
0.176462
0.179942
0.183324
0.186591
0.189735
0.192752
0.195634
0.198375
0.200971
0.203417
0.205713
0.207856
0.209844
0.211671
0.213332
0.214825
0.216149
0.217298
0.218270
0.219066
0.219686
0.220129
0.220393
0.220483
0.220403
0.220161
0.219766
0.219229
0.218560
0.217767
0.216859
0.215848
0.214741
0.213546
0.212267
0.210906
0.209469
0.207962
0.206390
0.204756
0.203060
0.201308
0.199503
0.197646
0.195742
0.193791
0.191791
0.189739
0.187630
0.185462
0.183230
0.180932
0.178569
0.176146
0.173663
0.171112
0.168484
0.165778
0.162994
0.160132
0.157196
0.154189
0.151112
0.147963
0.144746
0.141465
0.138119
0.134706
0.131225
0.127676
0.124061
0.120377
0.116623
0.112796
0.108893
0.104912
0.100847
0.096687
0.092422
0.088047
0.083570
0.079001
0.074350
0.069620
0.064814
0.059935
0.054982
0.049950
0.044834
0.039624
0.034313
0.028893
0.023359
0.017706
0.011934
0.006043
0.000037
-0.006077
-0.012293
-0.018608
-0.025016
-0.031512
-0.038086
-0.044726
-0.051423
-0.058161
-0.064927
-0.071705
-0.078479
-0.085234
-0.091955
-0.098630
-0.105252
-0.111815
-0.118317
-0.124750
-0.131111
-0.137394
-0.143598
-0.149722
-0.155768
-0.161733
-0.167615
-0.173413
-0.179129
-0.184766
-0.190324
-0.195804
-0.201209
-0.206537
-0.211787
-0.216957
-0.222045
-0.227038
-0.231925
-0.236691
-0.241323
-0.245811
-0.250149
-0.254331
-0.258354
-0.262215
-0.265910
-0.269437
-0.272794
-0.275976
-0.278979
-0.281798
-0.284424
-0.286846
-0.289058
-0.291054
-0.292821
-0.294343
-0.295613
-0.296633
-0.297409
-0.297940
-0.298225
-0.298261
-0.298046
-0.297581
-0.296871
-0.295920
-0.294736
-0.293326
-0.291702
-0.289873
-0.287854
-0.285660
-0.283303
-0.280795
-0.278150
-0.275381
-0.272502
-0.269521
-0.266453
-0.263316
-0.260131
-0.256907
-0.253642
-0.250335
-0.246983
-0.243585
-0.240142
-0.236656
-0.233127
-0.229552
-0.225927
-0.222251
-0.218528
-0.214760
-0.210943
-0.207076
-0.203159
-0.199192
-0.195172
-0.191094
-0.186955
-0.182746
-0.178456
-0.174081
-0.169622
-0.165081
-0.160455
-0.155737
-0.150922
-0.146013
-0.141013
-0.135925
-0.130751
-0.125495
-0.120168
-0.114785
-0.109354
-0.103884
-0.098380
-0.092852
-0.087311
-0.081771
-0.076243
-0.070734
-0.065249
-0.059798
-0.054392
-0.049041
-0.043751
-0.038530
-0.033389
-0.028331
-0.023360
-0.018480
-0.013697
-0.009016
-0.004436
0.000046
0.004432
0.008724
0.012919
0.017014
0.021005
0.024890
0.028664
0.032319
0.035845
0.039236
0.042487
0.045598
0.048577
0.051426
0.054146
0.056744
0.059232
0.061626
0.063934
0.066152
0.068280
0.070321
0.072282
0.074166
0.075977
0.077718
0.079396
0.081018
0.082587
0.084102
0.085564
0.086977
0.088345
0.089669
0.090951
0.092192
0.093387
0.094531
0.095627
0.096682
0.097697
0.098666
0.099582
0.100445
0.101264
0.102050
0.102811
0.103552
0.104272
0.104968
0.105639
0.106278
0.106881
0.107449
0.107982
0.108474
0.108920
0.109322
0.109679
0.109991
0.110254
0.110469
0.110632
0.110741
0.110793
0.110786
0.110717
0.110586
0.110394
0.110139
0.109817
0.109424
0.108956
0.108409
0.107777
0.107054
0.106239
0.105334
0.104348
0.103283
0.102144
0.100934
0.099660
0.098326
0.096933
0.095486
0.093991
0.092454
0.090876
0.089257
0.087599
0.085904
0.084175
0.082411
0.080610
0.078775
0.076907
0.075009
0.073078
0.071110
0.069097
0.067033
0.064908
0.062717
0.060458
0.058135
0.055746
0.053293
0.050780
0.048216
0.045609
0.042963
0.040285
0.037581
0.034861
0.032131
0.029400
0.026676
0.023961
0.021255
0.018553
0.015851
0.013143
0.010431
0.007717
0.005005
0.002300
-0.000390
-0.003057
-0.005690
-0.008280
-0.010818
-0.013300
-0.015718
-0.018066
-0.020341
-0.022538
-0.024658
-0.026703
-0.028679
-0.030590
-0.032444
-0.034256
-0.036041
-0.037801
-0.039537
-0.041251
-0.042946
-0.044629
-0.046302
-0.047969
-0.049633
-0.051294
-0.052957
-0.054630
-0.056314
-0.058010
-0.059710
-0.061411
-0.063108
-0.064794
-0.066465
-0.068117
-0.069748
-0.071352
-0.072924
-0.074460
-0.075956
-0.077412
-0.078832
-0.080216
-0.081560
-0.082858
-0.084110
-0.085313
-0.086467
-0.087568
-0.088615
-0.089607
-0.090544
-0.091427
-0.092259
-0.093044
-0.093787
-0.094491
-0.095157
-0.095784
-0.096371
-0.096917
-0.097418
-0.097872
-0.098276
-0.098630
-0.098932
-0.099181
-0.099374
-0.099510
-0.099590
-0.099612
-0.099571
-0.099467
-0.099303
-0.099079
-0.098793
-0.098442
-0.098024
-0.097540
-0.096987
-0.096368
-0.095688
-0.094952
-0.094165
-0.093327
-0.092439
-0.091501
-0.090506
-0.089444
-0.088303
-0.087081
-0.085789
-0.084436
-0.083027
-0.081560
-0.080037
-0.078464
-0.076842
-0.075172
-0.073454
-0.071690
-0.069881
-0.068025
-0.066121
-0.064170
-0.062177
-0.060147
-0.058085
-0.055997
-0.053892
-0.051775
-0.049653
-0.047536
-0.045438
-0.043369
-0.041330
-0.039319
-0.037335
-0.035385
-0.033477
-0.031624
-0.029838
-0.028127
-0.026499
-0.024963
-0.023524
-0.022190
-0.020970
-0.019869
-0.018894
-0.018050
-0.017351
-0.016813
-0.016444
-0.016244
-0.016217
-0.016366
-0.016695
-0.017204
-0.017898
-0.018776
-0.019840
-0.021089
-0.022527
-0.024160
-0.025988
-0.028007
-0.030216
-0.032616
-0.035210
-0.038002
-0.040996
-0.044199
-0.047616
-0.051248
-0.055091
-0.059142
-0.063402
-0.067864
-0.072519
-0.077359
-0.082379
-0.087571
-0.092926
-0.098438
-0.104096
-0.109891
-0.115810
-0.121840
-0.127965
-0.134181
-0.140489
-0.146883
-0.153352
-0.159884
-0.166464
-0.173077
-0.179715
-0.186370
-0.193030
-0.199683
-0.206320
-0.212933
-0.219509
-0.226037
-0.232506
-0.238905
-0.245219
-0.251429
-0.257513
-0.263460
-0.269270
-0.274940
-0.280470
-0.285858
-0.291100
-0.296195
-0.301138
-0.305928
-0.310558
-0.315019
-0.319301
-0.323393
-0.327286
-0.330972
-0.334448
-0.337709
-0.340749
-0.343566
-0.346157
-0.348527
-0.350678
-0.352617
-0.354355
-0.355907
-0.357280
-0.358469
-0.359464
-0.360260
-0.360855
-0.361253
-0.361456
-0.361467
-0.361286
-0.360916
-0.360362
-0.359628
-0.358711
-0.357606
-0.356311
-0.354828
-0.353155
-0.351294
-0.349247
-0.347014
-0.344594
-0.341988
-0.339197
-0.336223
-0.333065
-0.329722
-0.326192
-0.322475
-0.318577
-0.314504
-0.310261
-0.305853
-0.301287
-0.296572
-0.291720
-0.286745
-0.281660
-0.276481
-0.271221
-0.265896
-0.260517
-0.255098
-0.249652
-0.244190
-0.238717
-0.233243
-0.227771
-0.222304
-0.216836
-0.211363
-0.205881
-0.200392
-0.194894
-0.189388
-0.183876
-0.178359
-0.172841
-0.167325
-0.161813
-0.156312
-0.150833
-0.145386
-0.139981
-0.134626
-0.129329
-0.124094
-0.118926
-0.113828
-0.108799
-0.103839
-0.098955
-0.094147
-0.089410
-0.084733
-0.080104
-0.075519
-0.070982
-0.066496
-0.062062
-0.057677
-0.053341
-0.049051
-0.044803
-0.040595
-0.036428
-0.032307
-0.028236
-0.024213
-0.020234
-0.016292
-0.012385
-0.008515
-0.004687
-0.000902
0.002843
0.006549
0.010219
0.013856
0.017457
0.021019
0.024538
0.028024
0.031488
0.034941
0.038387
0.041829
0.045271
0.048722
0.052182
0.055641
0.059089
0.062525
0.065949
0.069357
0.072746
0.076112
0.079452
0.082765
0.086053
0.089318
0.092557
0.095762
0.098930
0.102057
0.105142
0.108178
0.111160
0.114083
0.116940
0.119732
0.122460
0.125123
0.127718
0.130242
0.132694
0.135074
0.137381
0.139616
0.141780
0.143877
0.145908
0.147879
0.149795
0.151659
0.153476
0.155250
0.156983
0.158676
0.160332
0.161952
0.163544
0.165111
0.166653
0.168172
0.169669
0.171144
0.172596
0.174023
0.175420
0.176782
0.178103
0.179380
0.180610
0.181790
0.182916
0.183979
0.184970
0.185885
0.186717
0.187463
0.188115
0.188668
0.189123
0.189486
0.189756
0.189923
0.189971
0.189886
0.189664
0.189305
0.188807
0.188168
0.187385
0.186459
0.185389
0.184178
0.182830
0.181346
0.179736
0.178012
0.176185
0.174260
0.172240
0.170129
0.167930
0.165647
0.163283
0.160836
0.158301
0.155678
0.152973
0.150197
0.147362
0.144477
0.141547
0.138579
0.135575
0.132531
0.129446
0.126324
0.123170
0.119985
0.116771
0.113531
0.110269
0.106986
0.103682
0.100358
0.097016
0.093658
0.090285
0.086895
0.083490
0.080073
0.076653
0.073239
0.069836
0.066445
0.063070
0.059717
0.056396
0.053119
0.049894
0.046727
0.043618
0.040568
0.037578
0.034646
0.031771
0.028953
0.026187
0.023468
0.020790
0.018149
0.015544
0.012972
0.010431
0.007916
0.005421
0.002943
0.000478
-0.001973
-0.004410
-0.006831
-0.009233
-0.011611
-0.013963
-0.016286
-0.018577
-0.020831
-0.023043
-0.025208
-0.027318
-0.029367
-0.031349
-0.033262
-0.035104
-0.036873
-0.038572
-0.040200
-0.041760
-0.043253
-0.044676
-0.046028
-0.047305
-0.048512
-0.049656
-0.050750
-0.051796
-0.052795
-0.053750
-0.054662
-0.055532
-0.056359
-0.057143
-0.057889
-0.058597
-0.059266
-0.059893
-0.060479
-0.061023
-0.061527
-0.061989
-0.062411
-0.062792
-0.063130
-0.063428
-0.063693
-0.063931
-0.064142
-0.064319
-0.064461
-0.064564
-0.064626
-0.064647
-0.064626
-0.064561
-0.064448
-0.064284
-0.064074
-0.063823
-0.063536
-0.063210
-0.062840
-0.062426
-0.061967
-0.061464
-0.060919
-0.060330
-0.059698
-0.059023
-0.058306
-0.057546
-0.056745
-0.055906
-0.055031
-0.054119
-0.053172
-0.052191
-0.051179
-0.050138
-0.049068
-0.047970
-0.046844
-0.045690
-0.044509
-0.043303
-0.042076
-0.040831
-0.039571
-0.038299
-0.037019
-0.035733
-0.034442
-0.033150
-0.031860
-0.030570
-0.029281
-0.027991
-0.026702
-0.025417
-0.024135
-0.022856
-0.021579
-0.020306
-0.019040
-0.017784
-0.016540
-0.015308
-0.014090
-0.012885
-0.011695
-0.010519
-0.009358
-0.008214
-0.007090
-0.005988
-0.004912
-0.003862
-0.002837
-0.001840
-0.000872
0.000067
0.000982
0.001878
0.002757
0.003617
0.004452
0.005261
0.006041
0.006793
0.007516
0.008213
0.008881
0.009523
0.010137
0.010724
0.011287
0.011826
0.012344
0.012843
0.013324
0.013788
0.014238
0.014674
0.015098
0.015512
0.015916
0.016307
0.016681
0.017039
0.017383
0.017717
0.018045
0.018366
0.018680
0.018984
0.019279
0.019564
0.019838
0.020101
0.020353
0.020594
0.020823
0.021041
0.021247
0.021443
0.021630
0.021808
0.021980
0.022144
0.022303
0.022457
0.022605
0.022749
0.022887
0.023019
0.023146
0.023267
0.023383
0.023494
0.023598
0.023695
0.023784
0.023863
0.023933
0.023992
0.024042
0.024081
0.024110
0.024128
0.024136
0.024135
0.024126
0.024110
0.024088
0.024059
0.024024
0.023984
0.023938
0.023886
0.023828
0.023763
0.023692
0.023615
0.023533
0.023446
0.023356
0.023262
0.023165
0.023065
0.022964
0.022860
0.022754
0.022647
0.022537
0.022426
0.022313
0.022200
0.022086
0.021972
0.021859
0.021748
0.021640
0.021537
0.021438
0.021342
0.021248
0.021153
0.021058
0.020961
0.020862
0.020760
0.020656
0.020548
0.020436
0.020320
0.020199
0.020072
0.019940
0.019800
0.019654
0.019501
0.019340
0.019172
0.018997
0.018814
0.018623
0.018424
0.018217
0.018000
0.017775
0.017544
0.017306
0.017063
0.016815
0.016563
0.016307
0.016047
0.015784
0.015519
0.015251
0.014982
0.014711
0.014439
0.014165
0.013890
0.013614
0.013338
0.013061
0.012783
0.012506
0.012228
0.011952
0.011676
0.011402
0.011131
0.010861
0.010595
0.010332
0.010072
0.009816
0.009564
0.009317
0.009074
0.008835
0.008602
0.008373
0.008149
0.007931
0.007717
0.007509
0.007306
0.007107
0.006914
0.006727
0.006544
0.006367
0.006195
0.006028
0.005867
0.005710
0.005558
0.005411
0.005268
0.005129
0.004995
0.004865
0.004739
0.004616
0.004496
0.004380
0.004267
0.004156
0.004048
0.003943
0.003839
0.003738
0.003638
0.003541
0.003444
0.003350
0.003257
0.003165
0.003075
0.002987
0.002900
0.002814
0.002729
0.002646
0.002564
0.002484
0.002404
0.002326
0.002249
0.002174
0.002099
0.002026
0.001954
0.001884
0.001814
0.001746
0.001680
0.001614
0.001551
0.001488
0.001427
0.001367
0.001308
0.001251
0.001195
0.001141
0.001088
0.001036
0.000986
0.000937
0.000890
0.000844
0.000799
0.000756
0.000714
0.000674
0.000635
0.000598
0.000561
0.000527
0.000494
0.000462
0.000432
0.000403
0.000375
0.000349
0.000325
0.000302
0.000280
0.000260
0.000241
0.000224
0.000208
0.000194
0.000181
0.000170
0.000160
0.000152
0.000145
0.000140
0.000136
0.000134
0.000134
