0.000000
-0.000718
-0.002873
-0.006466
-0.011500
-0.017967
-0.025867
-0.035219
-0.046007
-0.058165
-0.071651
-0.086470
-0.102622
-0.120124
-0.139028
-0.159275
-0.180702
-0.203261
-0.227057
-0.252123
-0.278330
-0.305501
-0.333632
-0.362840
-0.393117
-0.424482
-0.457167
-0.491361
-0.526834
-0.563009
-0.599499
-0.636383
-0.673786
-0.711484
-0.749317
-0.787975
-0.828559
-0.870940
-0.913714
-0.956282
-0.999600
-1.044538
-1.090860
-1.137941
-1.185618
-1.234105
-1.283731
-1.335601
-1.390968
-1.448293
-1.503373
-1.554487
-1.604240
-1.654477
-1.703658
-1.750825
-1.797715
-1.845993
-1.895851
-1.946966
-1.998602
-2.049657
-2.099012
-2.146004
-2.191591
-2.237727
-2.284777
-2.331533
-2.377781
-2.424846
-2.473717
-2.524518
-2.577553
-2.632601
-2.687842
-2.742556
-2.799301
-2.860088
-2.923077
-2.985654
-3.047776
-3.110468
-3.173990
-3.239361
-3.307960
-3.377690
-3.444275
-3.507831
-3.573105
-3.641907
-3.710841
-3.777526
-3.842218
-3.903595
-3.959848
-4.012553
-4.064772
-4.116952
-4.168525
-4.221947
-4.280184
-4.341925
-4.404401
-4.467343
-4.529856
-4.590207
-4.650444
-4.713220
-4.776378
-4.837046
-4.896786
-4.958395
-5.021035
-5.083349
-5.148427
-5.218114
-5.287154
-5.351024
-5.413147
-5.479807
-5.553759
-5.634126
-5.720698
-5.814792
-5.915427
-6.021400
-6.133461
-6.249972
-6.365358
-6.473503
-6.572504
-6.667568
-6.768334
-6.880825
-6.999452
-7.109218
-7.198420
-7.267678
-7.329340
-7.400333
-7.489056
-7.587295
-7.680949
-7.765931
-7.848345
-7.933855
-8.019547
-8.094799
-8.151687
-8.192978
-8.228847
-8.268781
-8.315366
-8.363023
-8.404054
-8.437831
-8.472996
-8.519746
-8.581443
-8.653056
-8.724853
-8.788815
-8.846114
-8.907543
-8.981872
-9.066255
-9.151332
-9.232103
-9.311125
-9.391952
-9.474357
-9.558794
-9.648714
-9.744314
-9.840297
-9.932612
-10.021170
-10.105690
-10.187380
-10.272240
-10.362460
-10.449660
-10.525510
-10.591170
-10.653650
-10.721010
-10.799670
-10.889330
-10.983020
-11.075640
-11.168730
-11.267600
-11.376650
-11.496760
-11.627790
-11.770540
-11.922330
-12.077550
-12.237540
-12.411670
-12.607220
-12.825880
-13.064620
-13.315250
-13.569860
-13.827400
-14.091700
-14.364810
-14.644610
-14.929430
-15.222400
-15.529330
-15.856430
-16.210600
-16.595150
-17.002980
-17.417440
-17.822350
-18.209900
-18.575170
-18.906120
-19.185350
-19.399380
-19.542190
-19.612920
-19.616690
-19.566260
-19.471770
-19.325970
-19.108450
-18.805400
-18.418580
-17.958290
-17.434930
-16.854520
-16.217230
-15.522040
-14.776320
-14.001740
-13.229550
-12.486410
-11.786260
-11.139240
-10.556840
-10.042890
-9.595730
-9.223411
-8.940140
-8.745189
-8.619506
-8.545541
-8.520748
-8.551212
-8.639132
-8.776002
-8.941128
-9.109099
-9.263865
-9.397422
-9.492265
-9.518433
-9.450568
-9.278722
-9.008016
-8.659304
-8.266075
-7.861074
-7.462366
-7.072434
-6.689167
-6.316069
-5.962546
-5.635988
-5.341052
-5.090901
-4.910772
-4.823674
-4.833231
-4.922925
-5.072068
-5.267956
-5.504105
-5.778728
-6.098734
-6.477261
-6.917464
-7.398477
-7.890001
-8.373507
-8.833883
-9.251680
-9.619099
-9.944781
-10.234890
-10.476720
-10.648100
-10.741260
-10.765630
-10.735510
-10.669530
-10.590700
-10.513620
-10.434880
-10.347050
-10.260240
-10.199180
-10.182330
-10.208470
-10.262170
-10.328610
-10.396460
-10.455730
-10.507930
-10.566950
-10.638850
-10.715840
-10.793140
-10.877410
-10.977830
-11.100080
-11.250520
-11.431660
-11.629470
-11.819210
-11.983350
-12.116450
-12.222470
-12.315210
-12.411080
-12.516100
-12.625510
-12.731340
-12.824200
-12.897300
-12.952530
-12.994730
-13.023680
-13.038460
-13.049170
-13.080470
-13.158770
-13.297640
-13.494300
-13.732840
-13.991920
-14.252230
-14.501850
-14.742670
-14.990070
-15.263410
-15.576780
-15.929820
-16.302300
-16.665060
-16.998080
-17.296090
-17.568510
-17.841800
-18.147320
-18.496420
-18.876010
-19.273750
-19.695970
-20.156120
-20.658700
-21.197410
-21.760760
-22.337390
-22.916430
-23.494590
-24.086530
-24.708470
-25.357320
-26.019430
-26.680100
-27.321470
-27.928620
-28.498490
-29.041180
-29.568970
-30.086110
-30.595520
-31.096960
-31.571860
-31.988660
-32.322790
-32.567860
-32.733210
-32.825820
-32.841180
-32.784310
-32.674720
-32.520640
-32.320020
-32.079340
-31.796260
-31.442530
-30.997190
-30.481950
-29.941910
-29.399920
-28.848520
-28.275440
-27.675790
-27.063500
-26.486020
-26.005190
-25.656140
-25.415100
-25.214900
-25.012790
-24.815590
-24.639350
-24.488660
-24.357580
-24.220470
-24.035690
-23.766160
-23.410980
-23.019130
-22.634800
-22.244570
-21.818880
-21.367290
-20.920150
-20.492150
-20.080260
-19.675630
-19.264950
-18.828960
-18.357510
-17.855540
-17.326250
-16.766630
-16.171400
-15.527460
-14.833700
-14.130020
-13.462930
-12.842340
-12.261490
-11.701870
-11.117070
-10.481320
-9.830437
-9.208019
-8.612855
-8.017171
-7.401902
-6.763757
-6.107638
-5.463536
-4.890095
-4.431376
-4.091485
-3.829065
-3.564427
-3.236483
-2.837059
-2.379160
-1.869803
-1.307265
-0.683911
0.008413
0.775553
1.609662
2.478025
3.343612
4.191214
5.030209
5.891995
6.816403
7.822327
8.900901
10.033610
11.195130
12.365700
13.565280
14.834600
16.188190
17.624850
19.139100
20.694140
22.235770
23.738480
25.201550
26.618650
27.980360
29.283100
30.511140
31.627960
32.610950
33.482800
34.287350
35.063760
35.858190
36.702800
37.562970
38.352340
39.034700
39.694290
40.467740
41.437250
42.632130
44.066880
45.690790
47.350110
48.928970
50.490570
52.160580
53.958810
55.851370
57.859620
59.989730
62.137880
64.176810
66.043510
67.705570
69.141700
70.347260
71.317640
72.055290
72.590100
72.967980
73.245250
73.496190
73.786230
74.157730
74.660910
75.358540
76.306260
77.525900
78.945650
80.414110
81.803600
83.034790
84.053490
84.863990
85.565750
86.337320
87.321000
88.491880
89.703170
90.810180
91.702630
92.320450
92.675740
92.818590
92.782500
92.583790
92.292670
92.080580
92.125380
92.460280
92.947080
93.370090
93.564660
93.490100
93.185490
92.700560
92.085810
91.383960
90.590740
89.652580
88.524660
87.229020
85.855260
84.494830
83.172360
81.851530
80.509830
79.177030
77.878060
76.584370
75.252250
73.867250
72.435860
70.972590
69.494820
67.999230
66.459770
64.863550
63.216130
61.521920
59.808360
58.136290
56.533780
54.968290
53.407170
51.835450
50.215910
48.497850
46.656060
44.686960
42.589810
40.386660
38.144330
35.940190
33.818530
31.781060
29.780360
27.738770
25.603950
23.364810
21.028150
18.614800
16.159420
13.701560
11.285850
8.958352
6.759689
4.723388
2.866854
1.179652
-0.373880
-1.839977
-3.264187
-4.676042
-6.065589
-7.392336
-8.622747
-9.739776
-10.743760
-11.671490
-12.596670
-13.605300
-14.755220
-16.040990
-17.413070
-18.837250
-20.321120
-21.892180
-23.576340
-25.387170
-27.292930
-29.190360
-30.965540
-32.600050
-34.181190
-35.816860
-37.574410
-39.476770
-41.501760
-43.570530
-45.572150
-47.433490
-49.148940
-50.741780
-52.246360
-53.705980
-55.124990
-56.455690
-57.662620
-58.754090
-59.755590
-60.693670
-61.590240
-62.451140
-63.270170
-64.049630
-64.792660
-65.465180
-66.018420
-66.462010
-66.863210
-67.287070
-67.769160
-68.325370
-68.960760
-69.662570
-70.407630
-71.186120
-72.009010
-72.914500
-73.970980
-75.237270
-76.699990
-78.256100
-79.773370
-81.174330
-82.459410
-83.660240
-84.797470
-85.863140
-86.794360
-87.509580
-88.002910
-88.336580
-88.549120
-88.639320
-88.619210
-88.521320
-88.352320
-88.076820
-87.654940
-87.085010
-86.408940
-85.678350
-84.927270
-84.180770
-83.453000
-82.714590
-81.900590
-80.961070
-79.873920
-78.642190
-77.304860
-75.900880
-74.424070
-72.853350
-71.197230
-69.482280
-67.729670
-65.965430
-64.234940
-62.566830
-60.924460
-59.236980
-57.467530
-55.626310
-53.741080
-51.827490
-49.889980
-47.947880
-46.036050
-44.187650
-42.438090
-40.813590
-39.280830
-37.746870
-36.146420
-34.493930
-32.837250
-31.201120
-29.575490
-27.931940
-26.251450
-24.541950
-22.841690
-21.208170
-19.675710
-18.225930
-16.818170
-15.419550
-13.997880
-12.536740
-11.071390
-9.674361
-8.399582
-7.251099
-6.184629
-5.123635
-3.992994
-2.757219
-1.434115
-0.076523
1.256756
2.531061
3.758093
4.983594
6.248784
7.558565
8.876551
10.152940
11.359360
12.497280
13.584370
14.640520
15.675680
16.687050
17.675640
18.652970
19.622080
20.573960
21.503880
22.405630
23.253850
24.015150
24.675000
25.236710
25.697020
26.039870
26.248420
26.314200
26.245300
26.071690
25.835460
25.578780
25.343810
25.155570
24.991430
24.807330
24.605570
24.435280
24.323860
24.250950
24.191670
24.150190
24.137990
24.147510
24.175400
24.241270
24.348730
24.458450
24.527620
24.555950
24.574480
24.607910
24.668450
24.761320
24.872770
24.975350
25.061930
25.154870
25.275870
25.427860
25.600830
25.782410
25.968000
26.152060
26.313170
26.433090
26.520080
26.586790
26.622040
26.608630
26.547390
26.440040
26.269040
26.017290
25.696130
25.339650
24.977210
24.622040
24.282380
23.967440
23.672690
23.373020
23.052140
22.730390
22.444750
22.212570
22.022210
21.847070
21.660440
21.436470
21.157600
20.832640
20.487170
20.138800
19.795900
19.457340
19.106410
18.726030
18.309510
17.854150
17.372240
16.901350
16.476980
16.103760
15.762390
15.431830
15.104380
14.785710
14.485820
14.217120
13.994100
13.828440
13.725340
13.676840
13.659940
13.648270
13.621810
13.570310
13.494520
13.395400
13.262660
13.087710
12.883340
12.676840
12.485030
12.300330
12.100150
11.861910
11.563090
11.182210
10.722740
10.224300
9.726736
9.237647
8.749612
8.264713
7.788315
7.316284
6.833302
6.322261
5.777387
5.204189
4.613071
4.017562
3.431663
2.862975
2.306309
1.748337
1.176205
0.572287
-0.082537
-0.779499
-1.484486
-2.190117
-2.924566
-3.704283
-4.526976
-5.404813
-6.356753
-7.364819
-8.377116
-9.358842
-10.308110
-11.230880
-12.130410
-13.010400
-13.863570
-14.665530
-15.389340
-16.014170
-16.532150
-16.954900
-17.300220
-17.576440
-17.782600
-17.915370
-17.967750
-17.923670
-17.775070
-17.547790
-17.285550
-17.003390
-16.682600
-16.310260
-15.902940
-15.500090
-15.137620
-14.820690
-14.529060
-14.238060
-13.920290
-13.549360
-13.120020
-12.652930
-12.180830
-11.739180
-11.349550
-10.997190
-10.650780
-10.301850
-9.955740
-9.615110
-9.297552
-9.026969
-8.801791
-8.607295
-8.444318
-8.315950
-8.194520
-8.025173
-7.772002
-7.442470
-7.053216
-6.607413
-6.128260
-5.656899
-5.200881
-4.750730
-4.322865
-3.923042
-3.508277
-3.019236
-2.425784
-1.739777
-0.993835
-0.219038
0.547287
1.262553
1.909752
2.507399
3.082028
3.650852
4.230692
4.835750
5.461070
6.088502
6.709600
7.329472
7.947528
8.543037
9.092109
9.588804
10.035500
10.432110
10.780070
11.085260
11.369480
11.680340
12.069550
12.559390
13.132850
13.748010
14.363100
14.955160
15.520170
16.064870
16.600720
17.140870
17.693960
18.246200
18.755820
19.189570
19.559500
19.902220
20.238090
20.577040
20.932340
21.281700
21.552730
21.694510
21.727260
21.700260
21.642350
21.566190
21.483400
21.392170
21.266420
21.074790
20.806900
20.471620
20.083210
19.665500
19.243950
18.821740
18.389720
17.949560
17.498470
17.013330
16.479790
15.911650
15.325390
14.730340
14.148090
13.608240
13.119730
12.657930
12.180820
11.661580
11.108370
10.547220
9.992465
9.439758
8.879097
8.313383
7.762365
7.245063
6.765487
6.315345
5.884294
5.468284
5.069000
4.684483
4.305425
3.923982
3.539434
3.155433
2.780502
2.430903
2.123595
1.862246
1.638323
1.444685
1.276731
1.123962
0.966850
0.779673
0.541591
0.249568
-0.080724
-0.421075
-0.741268
-1.021897
-1.257400
-1.458786
-1.659270
-1.898148
-2.185288
-2.497435
-2.819569
-3.159160
-3.518545
-3.892951
-4.287763
-4.707095
-5.136332
-5.559625
-5.986565
-6.438123
-6.918860
-7.425487
-7.960234
-8.522445
-9.109257
-9.726057
-10.385080
-11.097130
-11.862150
-12.655520
-13.427710
-14.133270
-14.760770
-15.331840
-15.879440
-16.426950
-16.973700
-17.495390
-17.961870
-18.351690
-18.655250
-18.877140
-19.034660
-19.148950
-19.240660
-19.330220
-19.429110
-19.528690
-19.609480
-19.656040
-19.652670
-19.583520
-19.449580
-19.268050
-19.052460
-18.812850
-18.572840
-18.364150
-18.199980
-18.070440
-17.967430
-17.894250
-17.852770
-17.845630
-17.888280
-18.000370
-18.187510
-18.434460
-18.707770
-18.967640
-19.192150
-19.389820
-19.575950
-19.746150
-19.883500
-19.977850
-20.030670
-20.053030
-20.065960
-20.089470
-20.120110
-20.128580
-20.082620
-19.961690
-19.756960
-19.474150
-19.131400
-18.743330
-18.313440
-17.845960
-17.352700
-16.848040
-16.349350
-15.874530
-15.430010
-15.015140
-14.631470
-14.264270
-13.879250
-13.462200
-13.033770
-12.617680
-12.222690
-11.850080
-11.490960
-11.121790
-10.725400
-10.311650
-9.902693
-9.506291
-9.113632
-8.713202
-8.295563
-7.850705
-7.374946
-6.882502
-6.396935
-5.926038
-5.457143
-4.978260
-4.488723
-3.987688
-3.468042
-2.923527
-2.347103
-1.728838
-1.071858
-0.399720
0.259836
0.889106
1.482839
2.047810
2.602614
3.171601
3.769749
4.394634
5.035798
5.684670
6.331123
6.958456
7.548831
8.090224
8.574784
8.994349
9.344467
9.633520
9.883654
10.122440
10.371380
10.635990
10.904330
11.153750
11.359340
11.502860
11.580110
11.599240
11.573310
11.514250
11.424860
11.297460
11.128600
10.927130
10.702930
10.460330
10.202420
9.928780
9.629139
9.290735
8.914338
8.514763
8.105785
7.693277
7.279140
6.863147
6.443324
6.020560
5.603820
5.207818
4.843558
4.510086
4.195106
3.884619
3.570377
3.248838
2.919063
2.581224
2.232745
1.870545
1.501879
1.143307
0.804202
0.482976
0.178563
-0.107355
-0.376940
-0.636364
-0.891115
-1.144028
-1.396443
-1.648659
-1.898740
-2.145362
-2.393908
-2.655422
-2.936403
-3.234062
-3.545476
-3.873172
-4.215550
-4.563216
-4.913201
-5.275242
-5.659250
-6.067944
-6.499848
-6.947821
-7.397407
-7.836341
-8.263505
-8.684408
-9.104513
-9.527960
-9.954837
-10.379070
-10.791570
-11.184310
-11.552620
-11.895420
-12.214460
-12.516570
-12.815260
-13.121340
-13.429450
-13.724870
-14.000530
-14.251960
-14.471260
-14.662500
-14.841970
-15.014610
-15.170050
-15.299020
-15.396860
-15.460060
-15.492180
-15.502640
-15.495120
-15.469960
-15.435040
-15.400140
-15.368190
-15.338190
-15.302110
-15.242080
-15.149750
-15.039880
-14.935650
-14.852180
-14.792000
-14.745100
-14.692810
-14.614920
-14.499110
-14.347410
-14.171750
-13.983140
-13.785110
-13.574610
-13.344410
-13.086730
-12.802940
-12.509950
-12.228020
-11.959330
-11.687080
-11.394500
-11.071910
-10.710540
-10.305060
-9.858758
-9.376833
-8.859197
-8.306586
-7.729243
-7.143041
-6.557019
-5.969154
-5.376446
-4.782634
-4.191381
-3.599852
-3.004452
-2.405369
-1.803664
-1.200436
-0.598484
-0.005479
0.563540
1.098010
1.610049
2.127808
2.670225
3.238761
3.827092
4.427279
5.028581
5.617906
6.185402
6.728042
7.246039
7.740206
8.215779
8.683852
9.154957
9.632466
10.116130
10.607990
11.105120
11.592490
12.053120
12.481120
12.882390
13.266750
13.642830
14.013320
14.368110
14.691150
14.977940
15.237600
15.483640
15.730510
15.991510
16.273240
16.572450
16.878450
17.179900
17.473590
17.767170
18.070360
18.387420
18.723320
19.086840
19.475850
19.869550
20.246280
20.598980
20.925920
21.222070
21.488090
21.733200
21.964110
22.183320
22.397470
22.615230
22.835350
23.043440
23.221190
23.355870
23.443780
23.490060
23.507010
23.508950
23.506370
23.504010
23.500930
23.489820
23.459320
23.400200
23.308140
23.183170
23.034250
22.880370
22.738250
22.610910
22.492180
22.378120
22.269870
22.170860
22.084750
22.011460
21.944630
21.874410
21.791120
21.686460
21.554870
21.394420
21.204470
20.984720
20.740100
20.479630
20.205330
19.911700
19.597440
19.266760
18.920850
18.556410
18.171620
17.769110
17.352480
16.923910
16.486580
16.042890
15.590420
15.125650
14.651550
14.180280
13.724230
13.282030
12.842710
12.404530
11.976700
11.566190
11.177030
10.818420
10.500240
10.220770
9.969971
9.742583
9.535612
9.338130
9.133619
8.910652
8.670952
8.426704
8.188606
7.959619
7.737443
7.515873
7.285781
7.041050
6.783809
6.521176
6.257912
5.993262
5.721547
5.434554
5.127760
4.806468
4.483857
4.173007
3.881791
3.613546
3.369966
3.151970
2.958171
2.784984
2.629334
2.489604
2.365047
2.256375
2.164579
2.086539
2.014591
1.943656
1.874107
1.805757
1.737600
1.673418
1.618621
1.573975
1.537143
1.504595
1.470624
1.429921
1.380544
1.321730
1.251388
1.169175
1.080463
0.993469
0.912719
0.838192
0.769295
0.705378
0.644730
0.586978
0.533633
0.484949
0.438019
0.387493
0.328495
0.260186
0.186179
0.111926
0.042498
-0.018373
-0.068989
-0.110109
-0.143719
-0.171304
-0.195133
-0.219655
-0.247765
-0.277934
-0.308533
-0.341072
-0.376434
-0.412725
-0.449247
-0.488105
-0.530375
-0.574903
-0.620770
-0.666962
-0.711158
-0.751513
-0.787593
-0.819023
-0.845637
-0.868598
-0.889343
-0.908136
-0.924470
-0.937549
-0.946363
-0.950508
-0.950752
-0.948351
-0.944133
-0.938117
-0.929485
-0.916996
-0.900068
-0.879464
-0.856429
-0.831640
-0.805429
-0.778229
-0.750356
-0.721767
-0.692207
-0.661465
-0.629551
-0.596687
-0.563122
-0.529104
-0.494960
-0.460904
-0.426856
-0.392626
-0.358180
-0.323631
-0.289104
-0.254673
-0.220386
-0.186309
-0.152559
-0.119297
-0.086707
-0.054967
-0.024212
0.005452
0.033916
0.061062
0.086769
0.110913
0.133374
0.154035
0.172785
0.189522
0.204146
0.216563
0.226683
0.234423
0.239704
0.242455
