0.000000
-0.000120
-0.000480
-0.001083
-0.001931
-0.003025
-0.004368
-0.005961
-0.007806
-0.009905
-0.012260
-0.014873
-0.017744
-0.020877
-0.024272
-0.027932
-0.031857
-0.036048
-0.040506
-0.045233
-0.050229
-0.055495
-0.061031
-0.066840
-0.072922
-0.079277
-0.085907
-0.092811
-0.099988
-0.107439
-0.115163
-0.123159
-0.131425
-0.139960
-0.148763
-0.157831
-0.167164
-0.176759
-0.186616
-0.196735
-0.207115
-0.217756
-0.228657
-0.239819
-0.251242
-0.262927
-0.274874
-0.287085
-0.299559
-0.312292
-0.325279
-0.338514
-0.351989
-0.365697
-0.379630
-0.393778
-0.408132
-0.422682
-0.437417
-0.452325
-0.467394
-0.482610
-0.497948
-0.513382
-0.528877
-0.544418
-0.560033
-0.575758
-0.591577
-0.607448
-0.623319
-0.639132
-0.654868
-0.670564
-0.686220
-0.701754
-0.717041
-0.731971
-0.746509
-0.760725
-0.774744
-0.788659
-0.802495
-0.816226
-0.829820
-0.843240
-0.856447
-0.869417
-0.882145
-0.894631
-0.906876
-0.918885
-0.930663
-0.942214
-0.953547
-0.964667
-0.975582
-0.986301
-0.996834
-1.007190
-1.017379
-1.027392
-1.037197
-1.046754
-1.056020
-1.064954
-1.073535
-1.081767
-1.089665
-1.097249
-1.104537
-1.111549
-1.118306
-1.124827
-1.131133
-1.137243
-1.143177
-1.148958
-1.154611
-1.160162
-1.165639
-1.171068
-1.176477
-1.181893
-1.187343
-1.192864
-1.198508
-1.204335
-1.210375
-1.216568
-1.222766
-1.228781
-1.234496
-1.239990
-1.245463
-1.251033
-1.256758
-1.262703
-1.268912
-1.275404
-1.282192
-1.289285
-1.296693
-1.304427
-1.312496
-1.320911
-1.329674
-1.338806
-1.348331
-1.358106
-1.367839
-1.377434
-1.386936
-1.396241
-1.405130
-1.413471
-1.421291
-1.428683
-1.435734
-1.442496
-1.448967
-1.455117
-1.460916
-1.466325
-1.471308
-1.475826
-1.479841
-1.483318
-1.486215
-1.488484
-1.490162
-1.491485
-1.492793
-1.494370
-1.496349
-1.498737
-1.501511
-1.504642
-1.508090
-1.511726
-1.515315
-1.518703
-1.521969
-1.525306
-1.528809
-1.532384
-1.535855
-1.539124
-1.542157
-1.544944
-1.547482
-1.549789
-1.551901
-1.553858
-1.555701
-1.557472
-1.559212
-1.560962
-1.562765
-1.564663
-1.566696
-1.568909
-1.571340
-1.573983
-1.576764
-1.579572
-1.582298
-1.584825
-1.587059
-1.588972
-1.590593
-1.591967
-1.593129
-1.594081
-1.594779
-1.595160
-1.595154
-1.594710
-1.593830
-1.592530
-1.590767
-1.588467
-1.585585
-1.582112
-1.578059
-1.573465
-1.568381
-1.562854
-1.556873
-1.550350
-1.543232
-1.535660
-1.527839
-1.519782
-1.511375
-1.502533
-1.493223
-1.483451
-1.473238
-1.462600
-1.451531
-1.440009
-1.428015
-1.415527
-1.402481
-1.388742
-1.374137
-1.358486
-1.341632
-1.323543
-1.304335
-1.284183
-1.263236
-1.241590
-1.219316
-1.196477
-1.173120
-1.149283
-1.125005
-1.100317
-1.075259
-1.049903
-1.024197
-0.997757
-0.970120
-0.941266
-0.911611
-0.881417
-0.850586
-0.818967
-0.786483
-0.753074
-0.718712
-0.683413
-0.647236
-0.610321
-0.572849
-0.535044
-0.497284
-0.460153
-0.424335
-0.390517
-0.359208
-0.330573
-0.304594
-0.281251
-0.260511
-0.242331
-0.226673
-0.213515
-0.202849
-0.194554
-0.188244
-0.183563
-0.180589
-0.179727
-0.181386
-0.185829
-0.193209
-0.203651
-0.217096
-0.233102
-0.251042
-0.270316
-0.290449
-0.311258
-0.332862
-0.355485
-0.379346
-0.404510
-0.430733
-0.457591
-0.484750
-0.512048
-0.539338
-0.566369
-0.592892
-0.618749
-0.643748
-0.667547
-0.689671
-0.709596
-0.727078
-0.742401
-0.755922
-0.767684
-0.777619
-0.785602
-0.791336
-0.794372
-0.794200
-0.790702
-0.784505
-0.776374
-0.766692
-0.755596
-0.743000
-0.728627
-0.712150
-0.693243
-0.671558
-0.646741
-0.618543
-0.586950
-0.552059
-0.513961
-0.472836
-0.429065
-0.383197
-0.335836
-0.287448
-0.238083
-0.187498
-0.135638
-0.082854
-0.029686
0.023321
0.075672
0.126994
0.176827
0.224267
0.268009
0.307218
0.342334
0.374605
0.405000
0.433569
0.459590
0.482282
0.501423
0.517468
0.531147
0.543226
0.554539
0.565712
0.576817
0.587662
0.598229
0.608599
0.618931
0.629612
0.641124
0.653756
0.667551
0.682421
0.698223
0.714861
0.732496
0.751616
0.772879
0.796793
0.823169
0.850924
0.878830
0.906465
0.934354
0.963400
0.994542
1.028739
1.066797
1.108873
1.154120
1.201198
1.249162
1.297753
1.346986
1.396863
1.447424
1.498728
1.550669
1.602821
1.654609
1.705734
1.756430
1.807186
1.858094
1.908532
1.957528
2.004133
2.047530
2.087511
2.124893
2.161135
2.197842
2.236106
2.275854
2.316551
2.358113
2.400707
2.444213
2.487973
2.531321
2.574206
2.616775
2.658778
2.699807
2.739893
2.779685
2.819639
2.859274
2.897892
2.935518
2.972691
3.009914
3.047500
3.085625
3.124264
3.163047
3.201396
3.238960
3.276067
3.313723
3.353144
3.394997
3.438908
3.484111
3.530190
3.577029
3.624582
3.672817
3.721687
3.771116
3.821022
3.871312
3.921871
3.972753
4.024426
4.077642
4.133203
4.191951
4.254748
4.322180
4.394367
4.471183
4.552185
4.636350
4.722335
4.808761
4.894478
4.978859
5.061581
5.142293
5.220427
5.295081
5.365174
5.429881
5.489043
5.542975
5.591994
5.636240
5.675696
5.710123
5.739001
5.761689
5.777532
5.785839
5.786064
5.778176
5.762689
5.740313
5.711783
5.677870
5.639284
5.596502
5.549721
5.498771
5.443039
5.381694
5.313895
5.238762
5.155435
5.063411
4.962774
4.853873
4.737043
4.612766
4.481951
4.345918
4.206124
4.064097
3.921318
3.778503
3.635125
3.490046
3.342142
3.190731
3.035889
2.878108
2.717863
2.555277
2.389871
2.220856
2.047440
1.868941
1.684879
1.494880
1.298477
1.095036
0.883834
0.664270
0.436083
0.199297
-0.046006
-0.299806
-0.562144
-0.833146
-1.112869
-1.400447
-1.693482
-1.988929
-2.284513
-2.579185
-2.872370
-3.163285
-3.451019
-3.734649
-4.013234
-4.285824
-4.551456
-4.809160
-5.058086
-5.297719
-5.527816
-5.748204
-5.958725
-6.159239
-6.349609
-6.529689
-6.699341
-6.858481
-7.007117
-7.145327
-7.273221
-7.390811
-7.497881
-7.594045
-7.678869
-7.751933
-7.812883
-7.861412
-7.897195
-7.919902
-7.929248
-7.925034
-7.907270
-7.876219
-7.832326
-7.776004
-7.707333
-7.626245
-7.533144
-7.429041
-7.315298
-7.193552
-7.065243
-6.930979
-6.790885
-6.645083
-6.493642
-6.336704
-6.174748
-6.008570
-5.839064
-5.667124
-5.493605
-5.319290
-5.144933
-4.971285
-4.799095
-4.629109
-4.462063
-4.298713
-4.139817
-3.985890
-3.837000
-3.692986
-3.553696
-3.418933
-3.288325
-3.161289
-3.037152
-2.915251
-2.794879
-2.675323
-2.556276
-2.438175
-2.321833
-2.208077
-2.097758
-1.991763
-1.891002
-1.796163
-1.707412
-1.624528
-1.547199
-1.475224
-1.408701
-1.347979
-1.293489
-1.245422
-1.203360
-1.166453
-1.133777
-1.104357
-1.077130
-1.051489
-1.027853
-1.007048
-0.989152
-0.973196
-0.957764
-0.941382
-0.922642
-0.900566
-0.874829
-0.845576
-0.813127
-0.777845
-0.740082
-0.700005
-0.657509
-0.612378
-0.564354
-0.513249
-0.459383
-0.403800
-0.347899
-0.292990
-0.239767
-0.188051
-0.137222
-0.086596
-0.035738
0.015177
0.065623
0.115053
0.162905
0.208582
0.251463
0.291106
0.327558
0.361256
0.392744
0.422604
0.451308
0.478996
0.505512
0.530593
0.554148
0.576578
0.598700
0.621435
0.645737
0.672567
0.702711
0.736524
0.773866
0.814233
0.856964
0.901243
0.946031
0.990164
1.032452
1.071925
1.108095
1.140744
1.169664
1.194678
1.215599
1.232099
1.243653
1.249755
1.250281
1.245585
1.236225
1.222691
1.205277
1.184108
1.159261
1.130828
1.098994
1.064283
1.027806
0.991074
0.955605
0.922244
0.890706
0.860130
0.829757
0.799325
0.769215
0.740114
0.712765
0.687652
0.664615
0.643083
0.622389
0.601884
0.581480
0.562040
0.544883
0.531347
0.522836
0.520636
0.525542
0.537674
0.556590
0.581614
0.612039
0.647137
0.686162
0.728352
0.773100
0.820148
0.869450
0.920996
0.974825
1.030802
1.088207
1.145765
1.201968
1.255489
1.305892
1.353865
1.400569
1.447254
1.495042
1.544241
1.594225
1.644249
1.693822
1.742491
1.789794
1.835287
1.878532
1.919094
1.956538
1.990428
2.020312
2.045821
2.066851
2.083561
2.096158
2.104625
2.108618
2.107652
2.101248
2.088891
2.070009
2.044410
2.012874
1.976919
1.937980
1.896791
1.853498
1.808365
1.762094
1.715566
1.669695
1.625336
1.582813
1.541671
1.501092
1.460212
1.418369
1.375475
1.331875
1.288013
1.244365
1.201269
1.158753
1.116672
1.074898
1.033438
0.992493
0.952358
0.913340
0.875767
0.839856
0.805571
0.772741
0.741179
0.710696
0.681100
0.652093
0.623112
0.593361
0.561941
0.528435
0.493518
0.458373
0.423638
0.389171
0.354501
0.319101
0.282464
0.244544
0.206008
0.167701
0.130013
0.092856
0.055955
0.019042
-0.017995
-0.055006
-0.091690
-0.127844
-0.163674
-0.199864
-0.237107
-0.275499
-0.314499
-0.353317
-0.391104
-0.427133
-0.461235
-0.493866
-0.525743
-0.557640
-0.590021
-0.622621
-0.654746
-0.685767
-0.715298
-0.743306
-0.770087
-0.795972
-0.821101
-0.845503
-0.869181
-0.892337
-0.915633
-0.939696
-0.964408
-0.989006
-1.012527
-1.034228
-1.054046
-1.072530
-1.090384
-1.108046
-1.125490
-1.142457
-1.158669
-1.173847
-1.187804
-1.200502
-1.211958
-1.222128
-1.230873
-1.238004
-1.243327
-1.246642
-1.247751
-1.246455
-1.242545
-1.235884
-1.226536
-1.214734
-1.200760
-1.184913
-1.167491
-1.148640
-1.128252
-1.106074
-1.081862
-1.055584
-1.027576
-0.998306
-0.968123
-0.937280
-0.906021
-0.874650
-0.843546
-0.813120
-0.783791
-0.755984
-0.730121
-0.706628
-0.685933
-0.668450
-0.654606
-0.644864
-0.639480
-0.638054
-0.639560
-0.642736
-0.646249
-0.649109
-0.651190
-0.652941
-0.654904
-0.657672
-0.661772
-0.667391
-0.674379
-0.682473
-0.691398
-0.700864
-0.710523
-0.719898
-0.728423
-0.735512
-0.740584
-0.743050
-0.742289
-0.737844
-0.729784
-0.718693
-0.705327
-0.690466
-0.674897
-0.659271
-0.644028
-0.629447
-0.615627
-0.602491
-0.589882
-0.577628
-0.565734
-0.554573
-0.544715
-0.536730
-0.531203
-0.528732
-0.529917
-0.535359
-0.545647
-0.561399
-0.583194
-0.611287
-0.645432
-0.685228
-0.730463
-0.780799
-0.835307
-0.892683
-0.951631
-1.011061
-1.070200
-1.128430
-1.185139
-1.239768
-1.291887
-1.341179
-1.387363
-1.430167
-1.469324
-1.504589
-1.535763
-1.562677
-1.585179
-1.603100
-1.616247
-1.624654
-1.628848
-1.629646
-1.627881
-1.624405
-1.620112
-1.615849
-1.612107
-1.608857
-1.605828
-1.602740
-1.599278
-1.595123
-1.589970
-1.583431
-1.574930
-1.563923
-1.550153
-1.533523
-1.513958
-1.491522
-1.466486
-1.439124
-1.409485
-1.377437
-1.342788
-1.305318
-1.264918
-1.221820
-1.176548
-1.129712
-1.081933
-1.033858
-0.986127
-0.939305
-0.893834
-0.850089
-0.808435
-0.769251
-0.732904
-0.699490
-0.668647
-0.639793
-0.612309
-0.585572
-0.559296
-0.533693
-0.508907
-0.484687
-0.460653
-0.436432
-0.411622
-0.385803
-0.358644
-0.330006
-0.299861
-0.268193
-0.234993
-0.200263
-0.163984
-0.126035
-0.086156
-0.043983
0.000693
0.047206
0.093612
0.137484
0.177816
0.216178
0.255195
0.296275
0.339206
0.383201
0.427372
0.470581
0.511664
0.550126
0.586494
0.621412
0.655000
0.687192
0.717945
0.747177
0.774789
0.800687
0.824795
0.847081
0.867618
0.886665
0.904511
0.921222
0.936714
0.950892
0.963762
0.975589
0.986825
0.997940
1.009416
1.021804
1.035496
1.050105
1.064651
1.078641
1.092159
1.105348
1.118365
1.131415
1.144689
1.158293
1.172263
1.186609
1.201338
1.216450
1.231968
1.248027
1.264842
1.282305
1.299662
1.316118
1.331448
1.345696
1.358909
1.371260
1.382879
1.393462
1.402312
1.408622
1.411806
1.411753
1.408617
1.402545
1.393693
1.382398
1.369330
1.355329
1.341266
1.327977
1.315949
1.305228
1.295794
1.287709
1.281017
1.275748
1.271875
1.269265
1.267743
1.267122
1.267200
1.267881
1.269370
1.272113
1.276585
1.283166
1.292129
1.303732
1.318254
1.335627
1.355064
1.375400
1.395463
1.414061
1.429953
1.441861
1.448879
1.450940
1.448463
1.441682
1.430491
1.414827
1.395077
1.371973
1.346340
1.319012
1.290695
1.261872
1.232929
1.204223
1.176008
1.148426
1.121579
1.095566
1.070481
1.046413
1.023445
1.001683
0.981204
0.961665
0.942047
0.921309
0.899203
0.876199
0.852942
0.829972
0.807719
0.786554
0.766715
0.748211
0.730921
0.714721
0.699723
0.686469
0.675713
0.668227
0.664824
0.666184
0.672550
0.683769
0.699570
0.719664
0.743725
0.771518
0.803085
0.838753
0.878965
0.923821
0.972626
1.024183
1.077437
1.131763
1.186788
1.242173
1.297603
1.352792
1.407383
1.460808
1.512310
1.561077
1.606288
1.647111
1.682696
1.712237
1.735144
1.751130
1.760041
1.761733
1.756063
1.742827
1.721720
1.692370
1.654443
1.607842
1.552796
1.489674
1.418849
1.340718
1.255711
1.164218
1.066551
0.963653
0.857866
0.752108
0.648458
0.547872
0.450841
0.357806
0.269077
0.184849
0.105277
0.030539
-0.039045
-0.102959
-0.160599
-0.211342
-0.254613
-0.289993
-0.317177
-0.335987
-0.346753
-0.350493
-0.348502
-0.342111
-0.332734
-0.321428
-0.308308
-0.292793
-0.274314
-0.252756
-0.228484
-0.202043
-0.174002
-0.144958
-0.115513
-0.086268
-0.057825
-0.030790
-0.005767
0.016645
0.035858
0.051249
0.062151
0.068410
0.070950
0.071270
0.070915
0.071515
0.074379
0.080031
0.088576
0.100150
0.114940
0.133158
0.154897
0.179907
0.207669
0.237594
0.269063
0.301417
0.334217
0.367509
0.401534
0.436346
0.471810
0.507729
0.543892
0.580108
0.616269
0.652348
0.688330
0.724075
0.759239
0.793375
0.826031
0.856755
0.885074
0.910478
0.932756
0.952485
0.970870
0.989307
1.009272
1.031897
1.057463
1.085706
1.116277
1.148846
1.183241
1.219328
1.256674
1.294513
1.331681
1.366627
1.397838
1.424064
1.444396
1.458464
1.466259
1.467828
1.463235
1.452562
1.435894
1.413310
1.384853
1.350509
1.310352
1.264878
1.215092
1.162203
1.107464
1.052126
0.997020
0.942266
0.887892
0.834427
0.782693
0.733537
0.687826
0.646453
0.610331
0.580273
0.556653
0.539287
0.527789
0.521884
0.521425
0.526299
0.536429
0.551759
0.571752
0.594946
0.619382
0.643178
0.664828
0.683298
0.697763
0.707570
0.712369
0.711968
0.706192
0.694859
0.677737
0.655050
0.628286
0.599907
0.571718
0.543656
0.514481
0.482737
0.447157
0.407238
0.363294
0.315919
0.265575
0.212401
0.156195
0.096538
0.033958
-0.028655
-0.087563
-0.140688
-0.187322
-0.226956
-0.259220
-0.284019
-0.301458
-0.312484
-0.319854
-0.327162
-0.336934
-0.350382
-0.367828
-0.388786
-0.412332
-0.437540
-0.463757
-0.490687
-0.518017
-0.545143
-0.571324
-0.595980
-0.618988
-0.640661
-0.661525
-0.682258
-0.703508
-0.725659
-0.748896
-0.773273
-0.798605
-0.824536
-0.850666
-0.876572
-0.901793
-0.925850
-0.948322
-0.968998
-0.987903
-1.005148
-1.020837
-1.035035
-1.047752
-1.058977
-1.068685
-1.076894
-1.083797
-1.089774
-1.095276
-1.100761
-1.106714
-1.113532
-1.121375
-1.130201
-1.139909
-1.150390
-1.161538
-1.173171
-1.184921
-1.196267
-1.206600
-1.215213
-1.221447
-1.224964
-1.225791
-1.224089
-1.220009
-1.213664
-1.205101
-1.194363
-1.181807
-1.168357
-1.155180
-1.143012
-1.131861
-1.121480
-1.111922
-1.103572
-1.096875
-1.092115
-1.089409
-1.088818
-1.090319
-1.093722
-1.098680
-1.104688
-1.111122
-1.117295
-1.122463
-1.126248
-1.129141
-1.132001
-1.135430
-1.139999
-1.146433
-1.155445
-1.167487
-1.182616
-1.200690
-1.221561
-1.245084
-1.271234
-1.300202
-1.332337
-1.367532
-1.404419
-1.441096
-1.476525
-1.510373
-1.542369
-1.572277
-1.599911
-1.625097
-1.647642
-1.667315
-1.684178
-1.698969
-1.712614
-1.725543
-1.737833
-1.749400
-1.759925
-1.768945
-1.776004
-1.780840
-1.783512
-1.784241
-1.783262
-1.780836
-1.777118
-1.771998
-1.765153
-1.756211
-1.745199
-1.732939
-1.720673
-1.709677
-1.701190
-1.696140
-1.695027
-1.698091
-1.705318
-1.716446
-1.731120
-1.748957
-1.769661
-1.793259
-1.820093
-1.850605
-1.885246
-1.924518
-1.968856
-2.018095
-2.071196
-2.126725
-2.183203
-2.239183
-2.293481
-2.345308
-2.394436
-2.441441
-2.487358
-2.533035
-2.578640
-2.623744
-2.667870
-2.710704
-2.751957
-2.791328
-2.828587
-2.863679
-2.896717
-2.927843
-2.957150
-2.984698
-3.010432
-3.034084
-3.055278
-3.073630
-3.088726
-3.100288
-3.108402
-3.113446
-3.115884
-3.116070
-3.113955
-3.109079
-3.100840
-3.088691
-3.072251
-3.051279
-3.025582
-2.994926
-2.958964
-2.917259
-2.869368
-2.814814
-2.753078
-2.684117
-2.609047
-2.529893
-2.448954
-2.368108
-2.288074
-2.208652
-2.129434
-2.049959
-1.969675
-1.888190
-1.805801
-1.723601
-1.642782
-1.564072
-1.487867
-1.414491
-1.344215
-1.277243
-1.213751
-1.153920
-1.097920
-1.045770
-0.997217
-0.951884
-0.909417
-0.869248
-0.830320
-0.791456
-0.752003
-0.711917
-0.671376
-0.630583
-0.589772
-0.549190
-0.509083
-0.469694
-0.431269
-0.394066
-0.358268
-0.323781
-0.290196
-0.256977
-0.223555
-0.189428
-0.154395
-0.118480
-0.081488
-0.042934
-0.002256
0.041104
0.087724
0.138228
0.193064
0.251952
0.313782
0.377195
0.441041
0.504370
0.566566
0.627749
0.688721
0.750242
0.812405
0.874710
0.936707
0.998440
1.060276
1.122653
1.185982
1.250407
1.315698
1.381460
1.447287
1.512753
1.577428
1.640863
1.702498
1.761598
1.817325
1.869049
1.916717
1.960786
2.001875
2.040647
2.077668
2.113154
2.147000
2.179010
2.208962
2.236636
2.261917
2.284844
2.305500
2.323867
2.339795
2.353075
2.363500
2.370857
2.374909
2.375477
2.372694
2.367100
2.359415
2.350383
2.340647
2.330616
2.320567
2.310770
2.301484
2.292970
2.285456
2.278980
2.273331
2.268186
2.263216
2.258083
2.252437
2.245919
2.238256
2.229376
2.219351
2.208277
2.196264
2.183403
2.169732
2.155256
2.139984
2.123931
2.107041
2.089081
2.069696
2.048467
2.024933
1.999028
1.971566
1.943843
1.916851
1.890961
1.866296
1.843138
1.821879
1.802913
1.786647
1.773523
1.763935
1.757795
1.754278
1.752195
1.750410
1.747994
1.744223
1.738434
1.730184
1.719562
1.707067
1.693310
1.678938
1.664487
1.650130
1.635742
1.621165
1.606372
1.591498
1.576745
1.562324
1.548450
1.535348
1.523238
1.512278
1.502551
1.494110
1.486920
1.480718
1.475063
1.469466
1.463434
1.456459
1.448018
1.437683
1.425285
1.410859
1.394477
1.376226
1.356222
1.334514
1.310801
1.284367
1.254579
1.221324
1.184787
1.145184
1.102747
1.057683
1.010112
0.960214
0.908543
0.856098
0.804067
0.753636
0.705854
0.661512
0.621129
0.584705
0.551609
0.520933
0.491937
0.464407
0.438615
0.415002
0.394035
0.376048
0.361103
0.349114
0.339990
0.333639
0.329907
0.328406
0.328444
0.329210
0.330205
0.331478
0.333356
0.336191
0.340295
0.345688
0.352019
0.358792
0.365497
0.371605
0.376578
0.379889
0.380998
0.379347
0.374550
0.366642
0.355952
0.342875
0.327815
0.311190
0.293510
0.275446
0.257694
0.240798
0.225159
0.211151
0.199139
0.189288
0.181419
0.175161
0.170139
0.166166
0.163430
0.162326
0.163144
0.165920
0.170506
0.176716
0.184356
0.193204
0.202934
0.213089
0.223143
0.232551
0.240901
0.248110
0.254325
0.259754
0.264629
0.269083
0.273070
0.276575
0.279766
0.282872
0.286129
0.289805
0.294027
0.298602
0.303230
0.307804
0.312432
0.317307
0.322506
0.327821
0.332852
0.337152
0.340245
0.341707
0.341372
0.339347
0.335836
0.331020
0.325030
0.317952
0.309861
0.300824
0.290910
0.280193
0.268733
0.256447
0.243008
0.227965
0.210972
0.191904
0.170756
0.147530
0.122230
0.094933
0.065854
0.035282
0.003504
-0.029270
-0.062960
-0.097559
-0.133053
-0.169287
-0.205885
-0.242356
-0.278205
-0.312926
-0.346008
-0.376939
-0.405207
-0.430329
-0.451850
-0.469368
-0.482836
-0.492785
-0.500018
-0.505348
-0.509612
-0.513667
-0.518384
-0.524517
-0.532452
-0.542116
-0.553073
-0.564737
-0.576498
-0.587755
-0.597934
-0.606473
-0.612993
-0.617588
-0.620742
-0.623036
-0.625089
-0.627520
-0.630639
-0.634251
-0.637924
-0.641202
-0.643629
-0.645042
-0.645781
-0.646440
-0.647650
-0.649846
-0.652948
-0.656531
-0.660310
-0.664398
-0.669161
-0.675003
-0.682368
-0.691643
-0.702893
-0.715793
-0.729842
-0.744511
-0.759517
-0.775072
-0.791461
-0.808581
-0.826101
-0.843669
-0.860915
-0.877449
-0.892876
-0.906858
-0.919216
-0.929916
-0.939003
-0.946554
-0.952658
-0.957398
-0.960890
-0.963410
-0.965436
-0.967548
-0.970208
-0.973508
-0.977182
-0.980844
-0.984152
-0.986936
-0.989196
-0.990987
-0.992379
-0.993455
-0.994191
-0.994345
-0.993553
-0.991491
-0.988104
-0.983726
-0.978857
-0.974012
-0.969735
-0.966449
-0.964254
-0.963076
-0.962953
-0.964056
-0.966608
-0.970840
-0.976736
-0.983816
-0.991368
-0.998683
-1.005037
-1.009792
-1.012495
-1.012778
-1.010306
-1.004889
-0.996524
-0.985317
-0.971529
-0.955635
-0.938211
-0.919803
-0.900772
-0.881220
-0.861127
-0.840469
-0.819219
-0.797370
-0.774939
-0.751937
-0.728293
-0.703819
-0.678278
-0.651430
-0.623092
-0.593206
-0.561780
-0.528845
-0.494503
-0.458922
-0.422294
-0.384806
-0.346647
-0.307999
-0.269045
-0.229956
-0.190900
-0.152062
-0.113683
-0.076036
-0.039409
-0.004060
0.029903
0.062575
0.094133
0.124755
0.154629
0.183882
0.212504
0.240412
0.267524
0.293753
0.319012
0.343220
0.366300
0.388182
0.408788
0.427984
0.445614
0.461584
0.475847
0.488383
0.499222
0.508418
0.516030
0.522119
0.526744
0.529968
0.531843
0.532397
0.531635
0.529558
0.526170
0.521484
0.515528
0.508347
0.499992
0.490514
0.479965
0.468403
0.455880
0.442451
0.428176
0.413111
0.397323
0.380904
0.363966
0.346623
0.328981
0.311142
0.293199
0.275245
0.257360
0.239621
0.222138
0.205082
0.188618
0.172839
0.157784
0.143476
0.129928
0.117146
0.105123
0.093829
0.083230
0.073300
0.064017
0.055364
0.047321
0.039874
0.033012
0.026726
0.021000
0.015814
0.011146
0.006970
0.003263
-0.000002
-0.002851
-0.005311
-0.007406
-0.009164
-0.010610
-0.011769
-0.012666
-0.013329
-0.013803
-0.014135
-0.014363
-0.014511
-0.014594
-0.014624
-0.014611
-0.014564
-0.014490
-0.014393
-0.014279
-0.014152
-0.014014
-0.013869
-0.013718
-0.013563
-0.013404
-0.013243
-0.013080
-0.012915
-0.012748
-0.012579
-0.012410
-0.012241
-0.012073
-0.011907
-0.011743
-0.011583
-0.011428
-0.011278
-0.011133
-0.010996
-0.010867
-0.010746
-0.010634
-0.010532
-0.010439
-0.010357
-0.010285
-0.010223
-0.010172
-0.010132
-0.010102
-0.010082
-0.010071
-0.010070
-0.010078
-0.010094
-0.010118
-0.010148
-0.010185
-0.010226
-0.010271
